cte,speed,angle,steer_value,cte_diff,cte_integ
0.7598,0,0,-0.3799,0,0.7598
0.7598,0.438,0,-0.3799,0,0.7598
0.7598,0.876,-9.0612,-0.3799,0,0.7598
0.7598,1.314,-9.0612,-0.3799,0,0.7598
0.7598,1.752,-9.0612,-0.3799,0,0.7598
0.7598,2.19,-9.0612,-0.3799,0,0.7598
0.7598,2.628,-9.0612,-0.3799,0,0.7598
0.7598,3.066,-9.0612,-0.3799,0,0.7598
0.7598,3.066,-9.0612,-0.3799,0,0.7598
0.7598,3.504,-9.0612,-0.3799,0,0.7598
0.7598,3.942,-9.0612,-0.3799,0,0.7598
0.7598,4.38,-9.0612,-0.3799,0,0.7598
0.7598,4.38,-9.0612,-0.3799,0,0.7598
0.7598,4.818,-9.0612,-0.3799,0,0.7598
0.7598,5.256,-9.0612,-0.3799,0,0.7598
0.7598,5.256,-9.0612,-0.3799,0,0.7598
0.7598,5.694,-9.0612,-0.3799,0,0.7598
0.7598,6.132,-9.0612,-0.3799,0,0.7598
0.7599,6.57,-9.0612,-0.380712,0.0001,0.759805
0.7599,6.57,-9.0612,-0.379914,0,0.75981
0.7598,6.7858,-9.0815,-0.379104,-0.0001,0.75981
0.7596,4.87,-9.0615,-0.37828,-0.0002,0.7598
0.7595,3.1896,-9.0413,-0.379065,-0.0001,0.759787
0.7593,1.683,-9.0207,-0.378237,-0.0002,0.759767
0.7592,0.4565,-9.0403,-0.379018,-0.0001,0.759744
0.7592,0.4565,-9.0403,-0.379809,0,0.759723
0.7589,0.5812,-9.0391,-0.377367,-0.0003,0.759693
0.7586,1.2377,-9.0589,-0.377321,-0.0003,0.759654
0.7584,1.608,-8.9978,-0.378084,-0.0002,0.75961
0.7581,1.7625,-8.9967,-0.377234,-0.0003,0.75956
0.7578,1.7219,-9.0158,-0.377181,-0.0003,0.759503
0.7574,1.5611,-8.9945,-0.376315,-0.0004,0.759437
0.7574,1.5611,-8.9945,-0.37949,0,0.759376
0.757,1.3249,-8.9715,-0.376222,-0.0004,0.759306
0.7566,1.0547,-9.0509,-0.376151,-0.0004,0.759229
0.7562,0.8098,-8.9692,-0.376078,-0.0004,0.759144
0.7558,0.6122,-8.9675,-0.376002,-0.0004,0.759054
0.7558,0.6122,-8.9675,-0.379167,0,0.758968
0.7553,0.5383,-8.9637,-0.37508,-0.0005,0.758874
0.7549,0.5176,-9.0429,-0.3758,-0.0004,0.758775
0.7544,0.581,-8.9407,-0.374907,-0.0005,0.758668
0.7539,0.6272,-8.9587,-0.374812,-0.0005,0.758555
0.7533,0.6553,-8.9364,-0.373903,-0.0006,0.758433
0.7528,0.6893,-8.934,-0.374602,-0.0005,0.758305
0.7515,0.7366,-8.9112,-0.368011,-0.0013,0.758153
0.7515,0.7366,-8.9112,-0.378353,0,0.758009
0.7502,0.7561,-8.764,-0.367757,-0.0013,0.757843
0.7502,0.7561,-8.764,-0.378093,0,0.757683
0.7494,0.7916,-8.7576,-0.371546,-0.0008,0.757514
0.7486,0.8357,-9.016,-0.371394,-0.0008,0.757336
0.7479,0.8434,-8.8523,-0.37205,-0.0007,0.757151
0.747,0.8735,-8.8485,-0.370282,-0.0009,0.756956
0.7462,0.9207,-8.8649,-0.370921,-0.0008,0.756753
0.7462,0.9207,-8.8649,-0.377243,0,0.756557
0.7453,0.9376,-8.8367,-0.369871,-0.0009,0.756353
0.7443,0.9538,-8.9947,-0.368885,-0.001,0.756138
0.7433,1.0285,-8.8104,-0.368695,-0.001,0.755912
0.7433,1.0285,-8.8104,-0.376608,0,0.755695
0.7423,1.0503,-8.781,-0.368417,-0.001,0.755468
0.7412,1.0861,-8.9789,-0.367412,-0.0011,0.75523
0.7401,1.1326,-8.7741,-0.367203,-0.0011,0.754982
0.739,1.1167,-8.749,-0.36699,-0.0011,0.754724
0.7378,1.1983,-8.7437,-0.365962,-0.0012,0.754456
0.7378,1.1983,-8.7437,-0.375458,0,0.754195
0.7366,1.237,-8.7127,-0.36563,-0.0012,0.753925
0.7353,1.2808,-8.9501,-0.364587,-0.0013,0.753642
0.734,1.3201,-8.7044,-0.36434,-0.0013,0.753349
0.7283,1.4719,-8.6783,-0.328422,-0.0057,0.752981
0.7267,1.5365,-8.6722,-0.36091,-0.0016,0.7526
0.7252,1.5521,-7.7742,-0.361403,-0.0015,0.752209
0.7236,1.6205,-8.5864,-0.360282,-0.0016,0.751806
0.7218,1.6484,-8.5988,-0.358336,-0.0018,0.751389
0.7218,1.6484,-8.5988,-0.372573,0,0.750984
0.7183,1.7555,-8.5221,-0.344047,-0.0035,0.750542
0.7183,1.7555,-8.5221,-0.371875,0,0.750112
0.7164,1.808,-8.1648,-0.356307,-0.0019,0.749668
0.7144,1.9043,-8.8605,-0.355124,-0.002,0.74921
0.7123,1.9308,-8.4714,-0.353925,-0.0021,0.748737
0.7102,1.9673,-8.4418,-0.35352,-0.0021,0.748249
0.7102,1.9673,-8.4418,-0.37013,0,0.747774
0.7081,2.0146,-8.4017,-0.352924,-0.0021,0.747284
0.7058,2.0915,-8.8169,-0.350891,-0.0023,0.746778
0.7034,2.1723,-8.3868,-0.349642,-0.0024,0.746255
0.701,2.2111,-8.3359,-0.349187,-0.0024,0.745717
0.701,2.2111,-8.3359,-0.368176,0,0.745191
0.6959,2.3287,-8.2933,-0.326637,-0.0051,0.744617
0.6959,2.3287,-8.2933,-0.367213,0,0.744057
0.6933,2.3858,-7.7296,-0.345922,-0.0026,0.743481
0.6905,2.4524,-8.744,-0.343804,-0.0028,0.742885
0.6877,2.5196,-8.2117,-0.343279,-0.0028,0.742272
0.6877,2.5196,-8.2117,-0.365439,0,0.741673
0.6847,2.5969,-8.1456,-0.340891,-0.003,0.741053
0.6816,2.6414,-8.6996,-0.339526,-0.0031,0.740414
0.6785,2.7112,-8.086,-0.338952,-0.0031,0.739755
0.6752,2.7858,-8.0518,-0.33675,-0.0033,0.739076
0.6719,2.851,-8.0375,-0.33614,-0.0033,0.738376
0.6719,2.851,-8.0375,-0.362266,0,0.737691
0.6684,2.9393,-7.9672,-0.333633,-0.0035,0.736984
0.6648,2.9828,-8.6203,-0.332182,-0.0036,0.736255
0.6573,3.1226,-7.9045,-0.299916,-0.0075,0.735465
0.6534,3.2177,-7.8682,-0.3279,-0.0039,0.734401
0.6534,3.2177,-7.8682,-0.358675,0,0.733337
0.6494,3.2662,-7.7612,-0.325833,-0.004,0.732233
0.6451,3.3535,-8.5305,-0.322544,-0.0043,0.731086
0.6408,3.39,-7.7095,-0.321638,-0.0043,0.729896
0.6364,3.4842,-7.6273,-0.319905,-0.0044,0.728662
0.632,3.5257,-7.6046,-0.318954,-0.0044,0.727384
0.6274,3.6148,-7.5613,-0.316364,-0.0046,0.72606
0.6274,3.6148,-7.5613,-0.352634,0,0.724736
0.6178,3.7435,-7.4728,-0.274306,-0.0096,0.723316
0.6128,3.7919,-8.3795,-0.310018,-0.005,0.721846
0.6078,3.8711,-6.4213,-0.30891,-0.005,0.720326
0.6078,3.8711,-6.4213,-0.348302,0,0.718806
0.6026,3.9261,-7.2864,-0.305554,-0.0052,0.717234
0.5972,3.9984,-8.2712,-0.302763,-0.0054,0.715608
0.5917,4.0562,-7.2025,-0.300741,-0.0055,0.713927
0.5861,4.1266,-7.1327,-0.298686,-0.0056,0.71219
0.5804,4.1869,-7.0822,-0.296598,-0.0057,0.710396
0.5746,4.2537,-7.0308,-0.294477,-0.0058,0.708543
0.5746,4.2537,-7.0308,-0.340136,0,0.70669
0.5686,4.3166,-6.9256,-0.290771,-0.006,0.704778
0.5624,4.3799,-8.0671,-0.287762,-0.0062,0.702806
0.5561,4.444,-6.8329,-0.285519,-0.0063,0.700772
0.5497,4.508,-6.7577,-0.28324,-0.0064,0.698676
0.5432,4.5718,-6.7016,-0.280926,-0.0065,0.696516
0.5432,4.5718,-6.7016,-0.332062,0,0.694356
0.5365,4.6354,-6.5868,-0.276903,-0.0067,0.692132
0.5296,4.6975,-7.8652,-0.273697,-0.0069,0.689842
0.5226,4.7612,-6.4862,-0.271254,-0.007,0.687484
0.5155,4.8246,-6.4061,-0.268773,-0.0071,0.685058
0.5155,4.8246,-6.4061,-0.324604,0,0.682635
0.5083,4.8878,-6.283,-0.265288,-0.0072,0.680144
0.5007,4.9493,-7.6788,-0.260301,-0.0076,0.677577
0.4931,5.0126,-6.1959,-0.258485,-0.0076,0.674938
0.4855,5.0755,-6.0712,-0.256641,-0.0076,0.672227
0.4777,5.1383,-6.0258,-0.253147,-0.0078,0.669442
0.4698,5.2009,-5.9797,-0.250413,-0.0079,0.666582
0.4698,5.2009,-5.9797,-0.312469,0,0.663722
0.4282,5.5112,-5.824,0.0257996,-0.0416,0.660451
0.4191,5.5709,-7.3754,-0.231947,-0.0091,0.657093
0.4112,5.6235,1.0813,-0.239384,-0.0079,0.653661
0.4029,5.6827,-5.3623,-0.23395,-0.0083,0.650151
0.4029,5.6827,-5.3623,-0.298949,0,0.646647
0.3942,5.7427,-5.4124,-0.227044,-0.0087,0.643061
0.385,5.8004,-7.0374,-0.220658,-0.0092,0.639396
0.3756,5.8615,-5.2398,-0.216615,-0.0094,0.635637
0.366,5.9226,-5.0801,-0.212518,-0.0096,0.631795
0.3564,5.9835,-4.979,-0.209983,-0.0096,0.627857
0.3465,6.0443,-4.8766,-0.204981,-0.0099,0.623828
0.3366,6.105,-4.8132,-0.202343,-0.0099,0.619708
0.3265,6.1655,-4.6882,-0.198048,-0.0101,0.615494
0.3058,6.2862,-4.6222,-0.109413,-0.0207,0.611082
0.2952,6.3464,-4.5149,-0.187349,-0.0106,0.606572
0.2849,6.4064,-2.299,-0.186874,-0.0103,0.601959
0.2849,6.4064,-2.299,-0.267432,0,0.597355
0.2636,6.5254,-4.2355,-0.0929792,-0.0213,0.592548
0.2636,6.5254,-4.2355,-0.26146,0,0.587751
0.2427,6.6445,-1.8881,-0.090168,-0.0209,0.582745
0.2318,6.6991,-6.1002,-0.167036,-0.0109,0.57764
0.2215,6.7582,-1.8179,-0.168727,-0.0103,0.572443
0.2113,6.817,-3.7396,-0.166392,-0.0102,0.567155
0.2015,6.8757,-3.7818,-0.166462,-0.0098,0.56178
0.1923,6.9344,-3.7235,-0.16816,-0.0092,0.556325
0.1841,6.993,-3.7252,-0.173125,-0.0082,0.550788
0.1841,6.993,-3.7252,-0.236515,0,0.545263
0.1773,7.0514,-3.8918,-0.179203,-0.0068,0.539683
0.1723,7.1078,-5.4765,-0.190856,-0.005,0.534066
0.17,7.1662,-4.0437,-0.209993,-0.0023,0.528483
0.1709,7.2243,-4.3351,-0.23346,0.0009,0.522925
0.14,7.3395,-4.8135,0.0263708,-0.0309,0.517073
0.1244,7.3964,-5.4002,-0.0920724,-0.0156,0.511081
0.1101,7.4478,1.0956,-0.0985956,-0.0143,0.504964
0.0964,7.5053,-1.8655,-0.099524,-0.0137,0.49871
0.083,7.563,-2.0286,-0.0980428,-0.0134,0.492357
0.083,7.563,-2.0286,-0.202702,0,0.486004
0.0702,7.6205,-2.0147,-0.0964368,-0.0128,0.479542
0.0573,7.6752,-4.6312,-0.0917184,-0.0129,0.472971
0.0449,7.7325,-1.9746,-0.0918088,-0.0124,0.466297
0.033,7.7897,-1.8566,-0.09191,-0.0119,0.459525
0.0216,7.8468,-1.8589,-0.0920156,-0.0114,0.452639
0.0216,7.8468,-1.8589,-0.18047,0,0.445774
-0.006,7.9605,-1.8641,0.0459376,-0.0276,0.438656
-0.048,8.1814,-4.0754,0.168343,-0.042,0.431142
-0.0587,8.232,1.5848,-0.077948,-0.0107,0.423545
-0.0768,8.323,4.6449,-0.0138268,-0.0181,0.415767
-0.0859,8.3766,-1.5124,-0.0817896,-0.0091,0.407949
-0.0859,8.3766,-1.5124,-0.151462,0,0.400131
-0.0955,8.4309,-1.6084,-0.0705472,-0.0096,0.392243
-0.1059,8.4828,-3.3502,-0.0599216,-0.0104,0.384279
-0.1164,8.5381,-1.3273,-0.0548552,-0.0105,0.376238
-0.127,8.5935,-1.0617,-0.0497364,-0.0106,0.368091
-0.1377,8.6488,-0.935,-0.0445768,-0.0107,0.359867
-0.1377,8.6488,-0.935,-0.1269,0,0.351674
-0.1484,8.704,-0.6781,-0.036922,-0.0107,0.343405
-0.1596,8.7577,-2.7362,-0.0284628,-0.0112,0.335057
-0.1707,8.8126,-0.4867,-0.0247824,-0.0111,0.326631
-0.1818,8.8673,-0.2752,-0.0202576,-0.0111,0.318094
-0.1928,8.922,-0.1832,-0.0165128,-0.011,0.309482
-0.2038,8.9765,-0.0701,-0.0119384,-0.011,0.300796
-0.2148,9.031,0.0235,-0.00735,-0.011,0.292075
-0.2148,9.031,0.0235,-0.0918772,0,0.283393
-0.2257,9.0853,0.2526,-7.08e-05,-0.0109,0.274602
-0.237,9.1386,-1.8606,0.0078048,-0.0113,0.265738
-0.237,9.1386,-1.8606,-0.0790668,0,0.256917
-0.2482,9.1924,0.6315,0.0152092,-0.0112,0.248027
-0.2597,9.2459,-1.5403,0.0223436,-0.0115,0.239066
-0.2821,9.3527,0.8166,0.11544,-0.0224,0.229925
-0.2931,9.4061,0.9949,0.029022,-0.011,0.22072
-0.2931,9.4061,0.9949,-0.055296,0,0.211515
-0.304,9.4594,1.1619,0.0366812,-0.0109,0.202297
-0.3152,9.5124,-0.9461,0.0439132,-0.0112,0.193017
-0.3262,9.5652,1.3534,0.0471492,-0.011,0.183677
-0.337,9.618,1.5342,0.0504084,-0.0108,0.174229
-0.3477,9.6707,1.6151,0.0544796,-0.0107,0.164726
-0.3583,9.7235,1.6965,0.0585616,-0.0106,0.155171
-0.3687,9.7761,1.7983,0.0618432,-0.0104,0.145567
-0.3687,9.7761,1.7983,-0.0175376,0,0.136019
-0.379,9.8286,1.9824,0.06973,-0.0103,0.126425
-0.3895,9.881,-0.0021,0.0762364,-0.0105,0.116784
-0.3999,9.933,2.1796,0.0803744,-0.0104,0.107039
-0.41,9.9849,2.3422,0.0828988,-0.0101,0.097253
-0.41,9.9849,2.3422,0.0059884,0,0.087529
-0.42,10.0368,2.5088,0.0908928,-0.01,0.077768
-0.4301,10.089,0.586,0.096622,-0.0101,0.06797
-0.44,10.1403,2.7087,0.0999448,-0.0099,0.058138
-0.4496,10.1916,2.8519,0.102476,-0.0096,0.04821
-0.459,10.243,2.935,0.105798,-0.0094,0.038255
-0.4682,10.2943,2.9982,0.109109,-0.0092,0.028277
-0.4682,10.2943,2.9982,0.0394724,0,0.018369
-0.4771,10.3455,3.1641,0.115533,-0.0089,0.008443
-0.5047,10.5005,1.4231,0.271974,-0.0276,-0.001759
-0.5222,10.601,3.3247,0.197046,-0.0175,-0.012064
-0.5551,10.8735,7.2357,0.327759,-0.0329,-0.022622
-0.5587,10.9247,5.3625,0.097926,-0.0036,-0.03314
-0.5615,10.9695,8.6303,0.095994,-0.0028,-0.04361
-0.5615,10.9695,8.6303,0.0777508,0,-0.054002
-0.5647,11.0196,2.8362,0.107809,-0.0032,-0.064347
-0.5684,11.0695,2.3801,0.116332,-0.0037,-0.074729
-0.5722,11.1201,3.1316,0.121513,-0.0038,-0.084733
-0.5722,11.1201,3.1316,0.0950784,0,-0.094646
-0.5759,11.1706,3.4742,0.128997,-0.0037,-0.104517
-0.5797,11.221,2.8133,0.134107,-0.0038,-0.114343
-0.5834,11.2979,3.6613,0.137622,-0.0037,-0.124206
-0.5869,11.2739,3.789,0.140297,-0.0035,-0.134017
-0.5902,11.4931,3.8769,0.142928,-0.0033,-0.143769
-0.5931,11.1013,3.9438,0.143892,-0.0029,-0.153456
-0.5931,11.1013,3.9438,0.124529,0,-0.163047
-0.5959,11.4469,4.0336,0.151018,-0.0028,-0.17257
-0.5985,11.6072,3.5496,0.153458,-0.0026,-0.18202
-0.6009,11.3316,4.2118,0.155848,-0.0024,-0.191395
-0.6029,11.747,4.2728,0.156566,-0.002,-0.200689
-0.6044,11.3772,4.3325,0.156356,-0.0015,-0.209791
-0.6058,11.7727,4.3505,0.1593,-0.0014,-0.218801
-0.6069,11.6363,4.3452,0.160578,-0.0011,-0.227719
-0.6079,11.7914,4.4188,0.163449,-0.001,-0.236647
-0.6079,11.7914,4.4188,0.158935,0,-0.245362
-0.6073,12.1519,4.5226,0.157558,0.0006,-0.254071
-0.6065,11.8323,4.4097,0.159275,0.0008,-0.262563
-0.6053,12.2503,4.3753,0.159304,0.0012,-0.270934
-0.6038,11.9107,4.4182,0.160055,0.0015,-0.279187
-0.6019,12.4055,4.4189,0.159918,0.0019,-0.287319
-0.6019,12.4055,4.4189,0.178331,0,-0.295353
-0.5998,11.9334,4.4343,0.16449,0.0021,-0.303274
-0.5972,12.4478,4.8946,0.163355,0.0026,-0.311087
-0.5942,12.0395,4.5486,0.162968,0.003,-0.31887
-0.5909,12.5408,4.5202,0.163311,0.0033,-0.326552
-0.5873,12.1091,4.5105,0.163589,0.0036,-0.334148
-0.5873,12.1091,4.5105,0.195418,0,-0.341721
-0.5833,12.6147,4.5261,0.166035,0.004,-0.349263
-0.5788,12.2629,5.3218,0.16446,0.0045,-0.356451
-0.5739,12.7137,4.5872,0.163564,0.0049,-0.363434
-0.5688,12.352,4.5478,0.164169,0.0051,-0.370223
-0.5631,12.8108,4.5254,0.161437,0.0057,-0.376818
-0.5573,12.4099,4.5406,0.162618,0.0058,-0.383221
-0.5573,12.4099,4.5406,0.21158,0,-0.389624
-0.551,12.9122,4.5018,0.163034,0.0063,-0.395836
-0.5442,12.5653,5.7258,0.16076,0.0068,-0.401851
-0.5442,12.5653,5.7258,0.217517,0,-0.407742
-0.5368,13.0186,4.4553,0.159856,0.0074,-0.41344
-0.5206,13.0298,5.8743,0.0900048,0.0162,-0.418862
-0.5206,13.0298,5.8743,0.221774,0,-0.424284
-0.5123,12.8114,2.6865,0.156569,0.0083,-0.429347
-0.5031,13.1813,5.9807,0.150269,0.0092,-0.433898
-0.4938,12.7486,4.3506,0.15028,0.0093,-0.438249
-0.484,13.2605,4.1931,0.146928,0.0098,-0.442321
-0.484,13.2605,4.1931,0.226921,0,-0.446302
-0.4742,12.8864,4.1095,0.149094,0.0098,-0.450185
-0.4633,13.3266,6.1094,0.140675,0.0109,-0.453863
-0.4523,13.015,4.1637,0.140161,0.011,-0.457327
-0.4408,13.4181,3.9532,0.136308,0.0115,-0.460571
-0.4294,13.1013,3.9404,0.137178,0.0114,-0.463595
-0.4172,13.6072,3.844,0.130676,0.0122,-0.46639
-0.4172,13.6072,3.844,0.229394,0,-0.469185
-0.4053,13.1131,3.7032,0.134032,0.0119,-0.471754
-0.3919,13.635,6.1712,0.121621,0.0134,-0.474077
-0.3788,13.1867,3.7871,0.123543,0.0131,-0.476158
-0.3651,13.7095,3.4769,0.118106,0.0137,-0.477991
-0.3651,13.7095,3.4769,0.228396,0,-0.479714
-0.3514,13.3398,3.389,0.118016,0.0137,-0.48119
-0.3364,13.8081,6.1462,0.106602,0.015,-0.482406
-0.3217,13.4173,3.3867,0.10796,0.0147,-0.483475
-0.3064,13.8923,3.1014,0.101953,0.0153,-0.484282
-0.2913,13.5013,3.1353,0.10226,0.0151,-0.484825
-0.2755,14,2.9852,0.095234,0.0158,-0.48521
-0.2755,14,2.9852,0.221743,0,-0.485483
-0.2601,13.6105,2.8172,0.0970048,0.0154,-0.485487
-0.2431,14.0907,5.9799,0.0823488,0.017,-0.485097
-0.2265,13.6168,2.8615,0.0836224,0.0166,-0.484431
-0.1033,14.4623,2.4951,-0.782257,0.1232,-0.482533
-0.0662,14.4714,2.5269,-0.098118,0.0371,-0.480155
-0.0498,14.163,-19.1201,0.0647804,0.0164,-0.477501
-0.0336,14.4418,-2.0166,0.06359,0.0162,-0.474575
-0.0336,14.4418,-2.0166,0.191976,0,-0.471541
-0.0171,14.2201,2.0261,0.057004,0.0165,-0.468235
0.0011,14.571,5.2357,0.0401464,0.0182,-0.464641
0.0191,14.2157,1.8614,0.0383952,0.018,-0.460763
0.0378,14.6331,1.44,0.0292992,0.0187,-0.456698
0.0561,14.3119,1.3962,0.0289288,0.0183,-0.452347
0.0561,14.3119,1.3962,0.173546,0,-0.447891
0.0752,14.8079,1.1596,0.016936,0.0191,-0.44314
0.0944,14.286,4.775,0.0121984,0.0192,-0.438096
0.1142,14.8191,0.8597,0.0033216,0.0198,-0.432854
0.1334,14.4299,0.7413,0.003988,0.0192,-0.42732
0.1532,14.9604,0.5194,-0.0051252,0.0198,-0.421487
0.1724,14.4356,0.536,-0.0046948,0.0192,-0.415363
0.1724,14.4356,0.536,0.146417,0,-0.409143
0.1921,14.9614,0.319,-0.0157572,0.0197,-0.402632
0.2123,14.6707,4.0968,-0.0244992,0.0202,-0.395827
0.2526,14.6053,0.0424,-0.192212,0.0403,-0.388619
0.3128,15.2961,-0.1761,-0.360592,0.0602,-0.38072
0.3495,15.2972,-4.369,-0.179679,0.0367,-0.372178
0.3495,15.2972,-4.369,0.110434,0,-0.363461
0.3664,14.9319,-4.0556,-0.0301416,0.0169,-0.354246
0.3852,15.4203,3.1972,-0.0509972,0.0188,-0.344807
0.4033,14.9203,-0.3172,-0.0510664,0.0181,-0.335159
0.422,15.4437,-0.8386,-0.0616704,0.0187,-0.325324
0.4401,15.1045,-0.8403,-0.0626996,0.0181,-0.315276
0.4401,15.1045,-0.8403,0.0780664,0,-0.305191
0.4586,15.5997,-1.1312,-0.0759068,0.0185,-0.294883
0.4771,15.0878,2.388,-0.081954,0.0185,-0.28439
0.4959,15.6112,-1.4613,-0.0905212,0.0188,-0.273672
0.5139,15.2496,-1.6125,-0.0902956,0.018,-0.262736
0.5322,15.7563,-1.8267,-0.098988,0.0183,-0.25158
0.5322,15.7563,-1.8267,0.0429356,0,-0.240389
0.5495,15.2395,-2.0384,-0.101753,0.0173,-0.228992
0.5681,15.7547,1.5097,-0.118658,0.0186,-0.21738
0.5859,15.448,-2.1075,-0.118754,0.0178,-0.20559
0.6036,15.9091,-2.5301,-0.124522,0.0177,-0.193595
0.6204,15.4002,-2.5325,-0.123878,0.0168,-0.181406
0.6372,15.9164,-2.6767,-0.13051,0.0168,-0.169025
0.6372,15.9164,-2.6767,-0.0010704,0,-0.156624
0.6533,15.596,-2.8264,-0.136511,0.0161,-0.144047
0.6702,16.0671,0.4096,-0.149705,0.0169,-0.131287
0.6862,15.5592,-2.9764,-0.149278,0.016,-0.118356
0.7019,16.0734,-3.3063,-0.153687,0.0157,-0.105258
0.7019,16.0734,-3.3063,-0.033326,0,-0.09216
0.7168,15.7443,-3.4058,-0.159312,0.0149,-0.078919
0.7324,16.2229,-0.3968,-0.171828,0.0156,-0.06553
0.7469,15.7119,-3.5465,-0.169887,0.0145,-0.052008
0.7611,16.2233,-3.8594,-0.174366,0.0142,-0.038359
0.7744,15.9042,-3.8108,-0.174002,0.0133,-0.024596
0.7874,16.3683,-3.9228,-0.178459,0.013,-0.010703
0.7995,15.8689,-3.9137,-0.178066,0.0121,0.00329
0.7995,15.8689,-3.9137,-0.0868528,0,0.017257
0.8114,16.3777,-4.0153,-0.188865,0.0119,0.031313
0.8229,16.0554,-1.735,-0.19247,0.0115,0.045451
0.8345,16.5189,-4.2853,-0.200118,0.0116,0.059669
0.8345,16.5189,-4.2853,-0.113005,0,0.073887
0.8457,16.0261,-4.5666,-0.209441,0.0112,0.088177
0.8575,16.5337,-2.3888,-0.221166,0.0118,0.10254
0.8687,16.2035,-4.7997,-0.223256,0.0112,0.116966
0.8799,16.6675,-5.0928,-0.230171,0.0112,0.131453
0.8906,16.1789,-5.1451,-0.233056,0.0107,0.14599
0.8906,16.1789,-5.1451,-0.153248,0,0.160469
0.9024,16.6795,-5.3901,-0.254666,0.0118,0.175066
0.9111,16.3538,-3.3949,-0.236585,0.0087,0.189687
0.9211,16.8132,-5.9303,-0.253846,0.01,0.20434
0.9306,16.3302,-5.4783,-0.256695,0.0095,0.219088
0.9398,16.8277,-5.9098,-0.261122,0.0092,0.233854
0.9398,16.8277,-5.9098,-0.193363,0,0.248458
0.9484,16.4984,-6.0917,-0.268899,0.0086,0.263148
0.9572,16.9597,-4.3977,-0.277257,0.0088,0.277843
0.9654,16.4819,-6.2861,-0.279151,0.0082,0.292528
0.9799,16.6426,-6.4951,-0.336896,0.0145,0.307265
0.9799,16.6426,-6.4951,-0.226752,0,0.321904
0.9895,16.6219,-7.9861,-0.310406,0.0096,0.336639
0.9895,16.6219,-7.9861,-0.23946,0,0.351276
0.9925,17.1142,-7.3238,-0.269584,0.003,0.365834
0.9949,16.7818,-5.5502,-0.270812,0.0024,0.380306
0.9964,17.2387,-6.3033,-0.269511,0.0015,0.394678
0.9964,17.2387,-6.3033,-0.263214,0,0.408936
0.997,16.7815,-6.3014,-0.273731,0.0006,0.423078
0.9968,17.2689,-6.144,-0.272967,-0.0002,0.437218
0.9958,16.9301,-6.4069,-0.272072,-0.001,0.451229
0.9937,17.3857,-6.3878,-0.268604,-0.0021,0.465085
0.9909,16.938,-6.3655,-0.268203,-0.0028,0.478782
0.987,17.4208,-6.2788,-0.264421,-0.0039,0.492303
0.987,17.4208,-6.2788,-0.30103,0,0.505824
0.9824,17.0772,-6.1742,-0.269105,-0.0046,0.519162
0.9764,17.531,-7.0894,-0.262556,-0.006,0.53229
0.9698,17.0912,-6.2913,-0.262262,-0.0066,0.545205
0.9621,17.5701,-6.1276,-0.257766,-0.0077,0.55789
0.9537,17.2245,-6.1202,-0.256306,-0.0084,0.57034
0.9537,17.2245,-6.1202,-0.328423,0,0.582632
0.9442,17.6782,-5.9713,-0.256352,-0.0095,0.594829
0.9337,17.2442,-7.7742,-0.252077,-0.0105,0.606767
0.9221,17.7174,-5.9725,-0.246778,-0.0116,0.618419
0.91,17.3708,-5.8656,-0.246114,-0.0121,0.629784
0.91,17.3708,-5.8656,-0.346967,0,0.639917
0.8967,17.823,-5.7165,-0.243088,-0.0133,0.649546
0.8824,17.3912,-8.2378,-0.237387,-0.0143,0.658868
0.867,17.8619,-5.6409,-0.23065,-0.0154,0.667874
0.8511,17.5151,-5.4983,-0.228598,-0.0159,0.676721
0.8341,17.9635,-5.3299,-0.221503,-0.017,0.685233
0.8341,17.9635,-5.3299,-0.360835,0,0.693563
0.7984,18.0101,-5.1012,-0.0747824,-0.0357,0.701356
0.7984,18.0101,-5.1012,-0.363425,0,0.708962
0.7805,17.667,-1.4332,-0.221332,-0.0179,0.716206
0.7602,18.0875,-8.6493,-0.202919,-0.0203,0.723247
0.7397,17.6929,-5.097,-0.201927,-0.0205,0.729892
0.7397,17.6929,-5.097,-0.368508,0,0.736345
0.718,18.1433,-4.6118,-0.195153,-0.0217,0.742383
0.6952,17.7869,-8.7764,-0.18632,-0.0228,0.748001
0.6713,18.2269,-4.4425,-0.177203,-0.0239,0.753182
0.6474,17.8274,-4.2217,-0.176713,-0.0239,0.757932
0.6225,18.2788,-3.9937,-0.168023,-0.0249,0.762433
0.5975,17.936,-3.9815,-0.166345,-0.025,0.766487
0.5975,17.936,-3.9815,-0.367886,0,0.770339
0.5714,18.3703,-3.7223,-0.157751,-0.0261,0.773527
0.5442,17.9675,-8.7608,-0.147156,-0.0272,0.775841
0.516,18.4085,-3.5074,-0.137002,-0.0282,0.777506
0.488,18.0725,-3.2426,-0.136356,-0.028,0.778891
0.488,18.0725,-3.2426,-0.360843,0,0.780107
0.459,18.4975,-2.9726,-0.126238,-0.029,0.780845
0.429,18.1059,-8.5847,-0.115341,-0.03,0.781102
0.398,18.5349,-2.7196,-0.104145,-0.031,0.780862
0.3359,18.6228,-2.4472,0.151282,-0.0621,0.77982
0.3047,18.2536,-2.1673,-0.0922564,-0.0312,0.778466
0.3047,18.2536,-2.1673,-0.341241,0,0.776927
0.2727,18.6758,-1.8701,-0.0812232,-0.032,0.774883
0.2396,18.3385,-8.0947,-0.068088,-0.0331,0.77232
0.2058,18.7438,-1.5942,-0.0578756,-0.0338,0.769239
0.1725,18.3841,-1.2659,-0.0571068,-0.0333,0.765642
0.1725,18.3841,-1.2659,-0.322068,0,0.762045
0.1386,18.7958,-0.9913,-0.0458344,-0.0339,0.757936
0.1036,18.4669,-7.6154,-0.0316764,-0.035,0.753291
0.0681,18.8621,-0.7095,-0.0220552,-0.0355,0.748113
0.0334,18.5116,-0.3556,-0.0227044,-0.0347,0.742411
-0.0019,18.9128,-0.115,-0.0118852,-0.0353,0.736188
-0.0365,18.6035,-0.1313,-0.0113304,-0.0346,0.729451
-0.0365,18.6035,-0.1313,-0.285436,0,0.722714
-0.0716,18.9906,0.1531,0.001774,-0.0351,0.715465
-0.1075,18.6407,-6.6996,0.0148748,-0.0359,0.707688
-0.1438,19.0304,0.4807,0.0250248,-0.0363,0.699388
-0.1793,18.7207,0.8082,0.0256996,-0.0355,0.690576
-0.1793,18.7207,0.8082,-0.254776,0,0.681764
-0.215,19.1007,1.0788,0.0381216,-0.0357,0.672446
-0.2515,18.7656,-5.9331,0.0521072,-0.0365,0.662607
-0.2882,19.1438,1.3894,0.0615176,-0.0367,0.652256
-0.3237,18.8382,1.739,0.0598068,-0.0355,0.641408
-0.3594,19.2091,1.9743,0.069512,-0.0357,0.63007
-0.3941,18.8949,1.9315,0.069708,-0.0347,0.618255
-0.3941,18.8949,1.9315,-0.203118,0,0.606319
-0.4289,19.2676,2.179,0.083676,-0.0348,0.594035
-0.4644,18.9569,-4.6416,0.0979292,-0.0355,0.581277
-0.4997,19.3198,2.5282,0.10515,-0.0353,0.568051
-0.5339,19.0136,2.8846,0.105243,-0.0342,0.554367
-0.5339,19.0136,2.8846,-0.162883,0,0.540683
-0.5679,19.376,3.0674,0.118171,-0.034,0.526547
-0.6024,19.0744,-3.6357,0.131461,-0.0345,0.511948
-0.6365,19.4285,3.3906,0.137692,-0.0341,0.496896
-0.6694,19.1298,3.7229,0.137579,-0.0329,0.481403
-0.7019,19.4832,3.8786,0.143999,-0.0325,0.465478
-0.7332,19.1928,3.8758,0.144024,-0.0313,0.44924
-0.7332,19.1928,3.8758,-0.0998336,0,0.432884
-0.7642,19.5428,4.0369,0.157968,-0.031,0.416131
-0.7954,19.2486,-2.0595,0.169554,-0.0312,0.398966
-0.826,19.5982,4.3855,0.17484,-0.0306,0.3814
-0.8552,19.2998,4.6752,0.17374,-0.0292,0.36345
-0.8552,19.2998,4.6752,-0.05268,0,0.3455
-0.8838,19.6506,4.7798,0.186309,-0.0286,0.327178
-0.9124,19.3644,-0.8807,0.196647,-0.0286,0.308482
-0.9403,19.7049,5.0941,0.20146,-0.0279,0.289425
-0.9667,19.4202,5.3525,0.199886,-0.0264,0.269959
-0.9923,19.7576,5.4728,0.203935,-0.0256,0.250237
-0.9923,19.7576,5.4728,0.0070624,0,0.230419
-1.0399,19.8143,5.5347,0.40074,-0.0476,0.210125
-1.0631,19.5425,0.6129,0.216082,-0.0232,0.189569
-1.084,19.8143,10.4548,0.208088,-0.0209,0.16878
-1.1036,19.6293,5.8384,0.208048,-0.0196,0.14778
-1.1036,19.6293,5.8384,0.059648,0,0.12678
-1.1224,19.8968,5.6375,0.220406,-0.0188,0.105586
-1.1408,19.6528,1.9275,0.227596,-0.0184,0.08421
-1.1582,19.9643,5.9465,0.229952,-0.0174,0.06267
-1.1742,19.7008,6.1262,0.229024,-0.016,0.040991
-1.1892,20.022,6.1851,0.231244,-0.015,0.01919
-1.1892,20.022,6.1851,0.119949,0,-0.002572
-1.2028,19.7623,6.2174,0.238868,-0.0136,-0.02447
-1.2161,20.0854,3.4351,0.246592,-0.0133,-0.046455
-1.228,19.8244,6.408,0.2454,-0.0119,-0.068499
-1.2386,20.1423,6.6011,0.244893,-0.0106,-0.090583
-1.2478,19.8828,6.5713,0.243453,-0.0092,-0.112682
-1.2557,20.1999,6.5587,0.24268,-0.0079,-0.134776
-1.2624,19.9434,6.5227,0.242615,-0.0067,-0.156937
-1.2677,20.258,6.5033,0.240792,-0.0053,-0.179056
-1.2717,20.0063,6.5017,0.239614,-0.004,-0.20111
-1.2744,20.3169,6.4561,0.23827,-0.0027,-0.223075
-1.276,20.0695,6.4267,0.238374,-0.0016,-0.244935
-1.2761,20.3764,6.3931,0.235128,-0.0001,-0.266796
-1.2751,20.133,6.3957,0.234916,0.001,-0.288514
-1.2728,20.4365,6.3145,0.232906,0.0023,-0.310066
-1.2693,20.1966,6.3092,0.231502,0.0035,-0.331429
-1.2584,20.2602,6.259,0.17965,0.0109,-0.352524
-1.2424,20.3236,6.2239,0.145556,0.016,-0.373289
-1.2424,20.3236,6.2239,0.281862,0,-0.394054
-1.233,20.6196,4.0752,0.213847,0.0094,-0.414368
-1.2223,20.3855,7.4829,0.21046,0.0107,-0.434575
-1.2101,20.6761,5.7825,0.205202,0.0122,-0.454481
-1.1971,20.4484,5.6978,0.205332,0.013,-0.474054
-1.1826,20.7398,5.5664,0.199571,0.0145,-0.493277
-1.167,20.5061,5.5696,0.196838,0.0156,-0.512344
-1.167,20.5061,5.5696,0.329178,0,-0.531194
-1.1494,20.8009,5.3573,0.193996,0.0176,-0.54964
-1.1296,20.5613,8.6658,0.18162,0.0198,-0.567649
-1.1077,20.852,5.2862,0.16965,0.0219,-0.5852
-1.0596,20.9121,4.6776,-0.0380316,0.0481,-0.602021
-1.0596,20.9121,4.6776,0.353397,0,-0.618592
-1.0328,20.6881,-0.5145,0.142838,0.0268,-0.634895
-1.0035,20.9447,9.2713,0.126208,0.0293,-0.650644
-0.973,20.7266,4.0073,0.119626,0.0305,-0.665816
-0.9405,21.0058,3.5915,0.106202,0.0325,-0.680381
-0.9069,20.7913,3.427,0.099622,0.0336,-0.69433
-0.8714,21.066,3.0914,0.0863096,0.0355,-0.707924
-0.8714,21.066,3.0914,0.375631,0,-0.721228
-0.8358,20.8552,2.5941,0.0923304,0.0356,-0.733876
-0.797,21.0956,9.8271,0.0676304,0.0388,-0.745826
-0.7582,20.8972,2.7446,0.0681268,0.0388,-0.756767
-0.7186,21.1603,2.1271,0.06186,0.0396,-0.767
-0.7186,21.1603,2.1271,0.382753,0,-0.777233
-0.6791,20.9497,1.9828,0.0666104,0.0395,-0.786751
-0.6364,21.1828,10.0052,0.0402444,0.0427,-0.795511
-0.5938,20.9963,2.1016,0.0399828,0.0426,-0.803507
-0.5505,21.2478,1.4424,0.0329448,0.0433,-0.810737
-0.5075,21.0434,1.4359,0.0337648,0.043,-0.817537
-0.5075,21.0434,1.4359,0.380349,0,-0.823998
-0.4637,21.3061,1.2805,0.0278384,0.0438,-0.829671
-0.4181,21.0792,9.9451,0.0108232,0.0456,-0.834533
-0.3718,21.333,1.1323,0.002214,0.0463,-0.838585
-0.326,21.1347,0.7069,0.0029304,0.0458,-0.841826
-0.2796,21.3877,0.4917,-0.0055372,0.0464,-0.844257
-0.2335,21.1942,0.5096,-0.0069592,0.0461,-0.846227
-0.1869,21.4442,0.2979,-0.015158,0.0466,-0.84738
-0.1407,21.2521,0.2624,-0.0164452,0.0462,-0.847712
-0.1407,21.2521,0.2624,0.353142,0,-0.847681
-0.0939,21.501,0.0252,-0.0262792,0.0468,-0.846827
-0.0454,21.283,9.2649,-0.0452648,0.0485,-0.845488
-0.0454,21.283,9.2649,0.342057,0,-0.843792
0.0034,21.5203,-0.6953,-0.0542428,0.0488,-0.841243
0.0538,21.3108,8.9878,-0.0734508,0.0504,-0.837823
0.1044,21.5418,-0.9197,-0.0818232,0.0506,-0.833542
0.1541,21.36,-1.3999,-0.0816472,0.0497,-0.828407
0.2037,21.5889,-1.6092,-0.0881984,0.0496,-0.822429
0.2526,21.414,-1.6048,-0.0900752,0.0489,-0.815962
0.2526,21.414,-1.6048,0.298399,0,-0.809147
0.3015,21.6403,-1.8155,-0.100755,0.0489,-0.801488
0.352,21.4458,7.8963,-0.122012,0.0505,-0.792971
0.4023,21.6608,-2.0825,-0.129186,0.0503,-0.783609
0.4516,21.4902,-2.614,-0.130058,0.0493,-0.773754
0.5006,21.7078,-2.7933,-0.136832,0.049,-0.763069
0.5486,21.5397,-2.8151,-0.138236,0.048,-0.751559
0.5964,21.7581,-2.9845,-0.146348,0.0478,-0.73923
0.6432,21.5904,-3.0196,-0.148278,0.0468,-0.726104
0.6896,21.8107,-3.2224,-0.155284,0.0464,-0.712189
0.735,21.6363,-3.2706,-0.157697,0.0454,-0.697507
0.7801,21.8681,-3.4458,-0.16586,0.0451,-0.682374
0.7801,21.8681,-3.4458,0.188762,0,-0.666931
0.824,21.678,-3.7102,-0.173305,0.0439,-0.650737
0.8701,21.8945,5.1554,-0.2023,0.0461,-0.633776
0.915,21.7109,-3.8963,-0.20427,0.0449,-0.616074
0.959,21.9398,-4.6212,-0.208727,0.044,-0.597932
0.959,21.9398,-4.6212,0.135902,0,-0.579504
1.0015,21.7518,-4.7818,-0.216004,0.0425,-0.560365
1.0459,21.975,3.8339,-0.243589,0.0444,-0.540503
1.0888,21.7815,-4.9638,-0.244101,0.0429,-0.519948
1.1304,22.0098,-5.6534,-0.246352,0.0416,-0.498721
1.1704,21.8212,-5.6662,-0.246202,0.04,-0.477094
1.1704,21.8212,-5.6662,0.0649564,0,-0.454991
1.2093,22.0478,-5.7187,-0.259223,0.0389,-0.432267
1.2486,21.8655,2.0602,-0.275684,0.0393,-0.408941
1.2867,22.0805,-6.0442,-0.279455,0.0381,-0.385038
1.3229,21.9043,-6.4558,-0.277581,0.0362,-0.360773
1.3577,22.1173,-6.55,-0.279781,0.0348,-0.335972
1.3577,22.1173,-6.55,-0.0113752,0,-0.310987
1.3908,21.946,-6.5582,-0.289681,0.0331,-0.285497
1.4246,22.1613,0.152,-0.309056,0.0338,-0.259509
1.4565,21.987,-6.8057,-0.307629,0.0319,-0.233052
1.4868,22.1959,-7.2901,-0.308563,0.0303,-0.206292
1.5152,22.0246,-7.2544,-0.307075,0.0284,-0.179112
1.5152,22.0246,-7.2544,-0.0908004,0,-0.151799
1.542,22.2342,-7.2405,-0.31896,0.0268,-0.124099
1.5683,22.0733,-1.8337,-0.328818,0.0263,-0.09603
1.5929,22.2767,-7.5377,-0.329041,0.0246,-0.067623
1.6155,22.1134,-7.7841,-0.326786,0.0226,-0.038911
1.6155,22.1134,-7.7841,-0.157497,0,-0.010132
1.6364,22.3146,-7.7333,-0.338404,0.0209,0.018909
1.6563,22.1634,-3.5011,-0.344106,0.0199,0.048189
1.6744,22.3594,-8.0238,-0.343311,0.0181,0.077677
1.6904,22.2051,-8.1663,-0.339976,0.016,0.107341
1.7045,22.3982,-8.1464,-0.338109,0.0141,0.137147
1.7045,22.3982,-8.1464,-0.237227,0,0.166943
1.727,22.441,-8.0164,-0.431476,0.0225,0.196941
1.727,22.441,-8.0164,-0.263462,0,0.226904
1.7347,22.2916,-10.3506,-0.337804,0.0077,0.256835
1.741,22.4783,-6.1502,-0.339168,0.0063,0.286669
1.7455,22.3476,-8.0088,-0.337169,0.0045,0.316548
1.7455,22.3476,-8.0088,-0.313083,0,0.346333
1.748,22.5229,-7.9929,-0.345214,0.0025,0.376036
1.7488,22.4023,-7.3907,-0.34353,0.0008,0.405625
1.7475,22.5689,-8.194,-0.338378,-0.0013,0.435071
1.7443,22.4547,-8.1519,-0.334566,-0.0032,0.46434
1.739,22.6144,-8.0231,-0.32886,-0.0053,0.4934
1.732,22.508,-7.9278,-0.326156,-0.007,0.52239
1.732,22.508,-7.9278,-0.393682,0,0.551204
1.7229,22.6623,-7.7176,-0.331382,-0.0091,0.579729
1.7116,22.5568,-9.4057,-0.323929,-0.0113,0.607922
1.6983,22.7058,-7.8482,-0.31763,-0.0133,0.635501
1.6832,22.61,-7.6619,-0.312692,-0.0151,0.662929
1.6661,22.7573,-7.5044,-0.305777,-0.0171,0.689918
1.6661,22.7573,-7.5044,-0.453256,0,0.716614
1.6474,22.6646,-7.2081,-0.312267,-0.0187,0.742818
1.6255,22.7961,-10.8951,-0.294741,-0.0219,0.768478
1.6021,22.7026,-7.3703,-0.290437,-0.0234,0.793568
1.5767,22.8509,-6.9322,-0.28169,-0.0254,0.818049
1.5498,22.7587,-6.8246,-0.276684,-0.0269,0.842261
1.5498,22.7587,-6.8246,-0.501427,0,0.866117
1.521,22.9058,-6.4808,-0.277419,-0.0288,0.889297
1.4893,22.7942,-12.0993,-0.260039,-0.0317,0.911772
1.4557,22.9349,-6.4991,-0.250176,-0.0336,0.933515
1.4208,22.8499,-6.0646,-0.244844,-0.0349,0.954909
1.3842,22.9924,-5.8181,-0.235837,-0.0366,0.975542
1.3463,22.907,-5.6848,-0.229578,-0.0379,0.995369
1.3067,23.0486,-5.4596,-0.21962,-0.0396,1.01437
1.3067,23.0486,-5.4596,-0.543848,0,1.03295
1.2663,22.9644,-5.0542,-0.223704,-0.0404,1.05068
1.2229,23.0679,-13.1599,-0.202285,-0.0434,1.06799
1.1795,22.9751,-5.1563,-0.204518,-0.0434,1.08442
1.1357,23.125,-4.6208,-0.203153,-0.0438,1.09996
1.092,23.0322,-4.6766,-0.205438,-0.0437,1.1146
1.0518,23.1799,-4.6425,-0.23493,-0.0402,1.12837
1.0024,23.0902,-4.6996,-0.161518,-0.0494,1.14119
0.957,23.2329,-5.4369,-0.19374,-0.0454,1.1531
0.957,23.2329,-5.4369,-0.561515,0,1.16454
0.9117,23.1429,-4.4072,-0.198795,-0.0453,1.17506
0.8632,23.2358,-13.6016,-0.17236,-0.0485,1.1851
0.8148,23.1516,-4.5335,-0.171955,-0.0484,1.19419
0.7653,23.2938,-3.8727,-0.161448,-0.0495,1.2023
0.7653,23.2938,-3.8727,-0.560691,0,1.2104
0.7151,23.2009,-3.5999,-0.156918,-0.0502,1.21752
0.6609,23.2964,-13.5809,-0.121926,-0.0542,1.22359
0.6061,23.2126,-3.4866,-0.113653,-0.0548,1.22861
0.5504,23.3484,-2.6118,-0.102468,-0.0557,1.23257
0.4943,23.2645,-2.405,-0.0948204,-0.0561,1.23548
0.4373,23.3978,-2.1254,-0.0826592,-0.057,1.23732
0.4373,23.3978,-2.1254,-0.539398,0,1.23917
0.3801,23.3192,-1.6301,-0.0763924,-0.0572,1.23996
0.3191,23.3952,-13.0486,-0.0397608,-0.061,1.23963
0.258,23.3244,-1.4735,-0.0322736,-0.0611,1.23818
0.1965,23.4397,-0.5577,-0.0219032,-0.0615,1.23563
0.1965,23.4397,-0.5577,-0.512687,0,1.23259
0.1352,23.3688,-0.1112,-0.0145032,-0.0613,1.22846
0.0703,23.4391,-12.3808,0.0228912,-0.0649,1.2232
0.0057,23.3612,0.0738,0.0295012,-0.0646,1.21682
-0.0589,23.4761,1.0086,0.0389552,-0.0646,1.20934
-0.123,23.3985,1.1739,0.0447972,-0.0641,1.20076
-0.187,23.5137,1.4102,0.0542656,-0.064,1.19109
-0.2505,23.4412,1.5563,0.060738,-0.0635,1.18078
-0.2505,23.4412,1.5563,-0.442964,0,1.17003
-0.3139,23.5525,1.9548,0.075312,-0.0634,1.1582
-0.3797,23.4502,-10.6378,0.106271,-0.0658,1.14525
-0.4452,23.5345,2.3191,0.116038,-0.0655,1.13121
-0.5097,23.4829,3.0931,0.120362,-0.0645,1.11652
-0.5097,23.4829,3.0931,-0.389593,0,1.10141
-0.5736,23.5671,3.4454,0.134475,-0.0639,1.08521
-0.6397,23.4898,-9.3035,0.165599,-0.0661,1.06793
-0.705,23.5541,3.7982,0.173071,-0.0653,1.04957
-0.7689,23.5105,4.5763,0.176018,-0.0639,1.03018
-0.8317,23.5805,4.7631,0.181506,-0.0628,1.01016
-0.8932,23.533,4.8368,0.185666,-0.0615,0.989134
-0.8932,23.533,4.8368,-0.297766,0,0.967716
-0.9536,23.6117,5.078,0.200435,-0.0604,0.945313
-1.0158,23.5435,-7.0078,0.23041,-0.0622,0.921926
-1.0767,23.6017,5.4472,0.235837,-0.0609,0.897582
-1.0767,23.6017,5.4472,-0.241625,0,0.873238
-1.1359,23.5636,6.3323,0.248002,-0.0592,0.847971
-1.1969,23.6111,-5.6043,0.278988,-0.061,0.821756
-1.2561,23.5654,6.6364,0.281358,-0.0592,0.79463
-1.3134,23.619,7.411,0.283089,-0.0573,0.766628
-1.3687,23.5812,7.4703,0.284154,-0.0553,0.737789
-1.3687,23.5812,7.4703,-0.14671,0,0.70895
-1.4736,23.6096,7.5402,0.715042,-0.1049,0.678794
-1.4736,23.6096,7.5402,-0.11199,0,0.648375
-1.5213,23.6009,18.3124,0.286837,-0.0477,0.617233
-1.5698,23.5437,-2.3634,0.310828,-0.0485,0.58538
-1.6164,23.606,7.6073,0.313216,-0.0466,0.553061
-1.6164,23.606,7.6073,-0.0465732,0,0.520533
-1.6608,23.5772,8.2667,0.326335,-0.0444,0.487362
-1.7058,23.6308,-0.728,0.349156,-0.045,0.45356
-1.7485,23.6022,8.5947,0.348782,-0.0427,0.419171
-1.7887,23.6432,9.1652,0.346774,-0.0402,0.384239
-1.8265,23.6242,9.1559,0.345478,-0.0378,0.348929
-1.8265,23.6242,9.1559,0.0572924,0,0.313394
-1.8951,23.6554,9.0733,0.627441,-0.0686,0.277173
-1.8951,23.6554,9.0733,0.09316,0,0.240875
-1.9239,23.6465,16.1224,0.3411,-0.0288,0.204226
-1.9522,23.6342,2.7653,0.35472,-0.0283,0.167249
-1.9781,23.6801,8.9638,0.353005,-0.0259,0.130013
-2.0017,23.6744,9.3043,0.351964,-0.0236,0.092516
-2.0017,23.6744,9.3043,0.178166,0,0.055011
-2.0228,23.7135,9.2354,0.364157,-0.0211,0.017308
-2.0427,23.7223,4.8905,0.371695,-0.0199,-0.020562
-2.0601,23.7539,9.5403,0.368631,-0.0174,-0.058553
-2.0748,23.7572,9.7287,0.363728,-0.0147,-0.096621
-2.0869,23.7862,9.6521,0.359414,-0.0121,-0.13481
-2.0869,23.7862,9.6521,0.277853,0,-0.172908
-2.0966,23.7956,9.4217,0.371656,-0.0097,-0.21099
-2.1042,23.8293,7.3827,0.370826,-0.0076,-0.249015
-2.1093,23.8405,9.7277,0.366506,-0.0051,-0.28694
-2.1117,23.8654,9.707,0.360257,-0.0024,-0.324718
-2.1115,23.8794,9.599,0.354548,0.0002,-0.362494
-2.1115,23.8794,9.599,0.371183,0,-0.400083
-2.1087,23.9058,9.3,0.36344,0.0028,-0.437425
-2.1033,23.921,9.7159,0.356922,0.0054,-0.474479
-2.0954,23.9462,9.5223,0.35082,0.0079,-0.5112
-2.0848,23.9639,9.3594,0.342698,0.0106,-0.547546
-2.0717,23.99,9.2068,0.335874,0.0131,-0.583761
-2.0717,23.99,9.2068,0.455045,0,-0.619688
-2.0562,24.0097,8.8332,0.343677,0.0155,-0.655143
-2.0373,24.0243,11.8125,0.328559,0.0189,-0.690073
-2.016,24.042,9.0283,0.320976,0.0213,-0.724441
-1.9923,24.072,8.6503,0.312912,0.0237,-0.758206
-1.9376,24.1209,8.4607,0.072578,0.0547,-0.791045
-1.9376,24.1209,8.4607,0.523155,0,-0.823488
-1.9085,24.1418,2.2508,0.300306,0.0291,-0.85564
-1.8755,24.1322,13.5152,0.278373,0.033,-0.887058
-1.8402,24.1528,7.944,0.268696,0.0353,-0.917689
-1.8028,24.1815,7.3957,0.260085,0.0374,-0.947512
-1.8028,24.1815,7.3957,0.571039,0,-0.976897
-1.7634,24.2058,6.9385,0.26332,0.0394,-1.00545
-1.7198,24.1939,14.7123,0.236447,0.0436,-1.03317
-1.6741,24.2097,7.0193,0.225783,0.0457,-1.05993
-1.6266,24.2459,6.3475,0.216967,0.0475,-1.08577
-1.5773,24.266,6.0809,0.207774,0.0493,-1.11111
-1.5773,24.266,6.0809,0.61213,0,-1.136
-1.5263,24.2986,5.6307,0.208588,0.051,-1.1599
-1.471,24.2709,15.7396,0.177802,0.0553,-1.18275
-1.414,24.287,5.651,0.167219,0.057,-1.20455
-1.3555,24.3235,4.8814,0.157852,0.0585,-1.22576
-1.3555,24.3235,4.8814,0.634134,0,-1.24646
-1.2958,24.3425,4.3826,0.158391,0.0597,-1.26603
-1.2316,24.317,16.2897,0.123322,0.0642,-1.28441
-1.1662,24.3175,4.3961,0.114048,0.0654,-1.30157
-1.0997,24.365,3.5194,0.104974,0.0665,-1.31751
-1.0321,24.3696,3.2875,0.095292,0.0676,-1.33221
-0.9625,24.4118,3.0607,0.0779312,0.0696,-1.3462
-0.8909,24.4208,2.8186,0.0598552,0.0716,-1.35891
-0.8909,24.4208,2.8186,0.637495,0,-1.37101
-0.8176,24.458,1.9327,0.0480676,0.0733,-1.38177
-0.7394,24.4093,16.3737,0.0047912,0.0782,-1.39113
-0.6649,24.4145,1.638,0.0303868,0.0745,-1.39974
-0.5796,24.448,0.5561,-0.061684,0.0853,-1.40689
-0.5796,24.448,0.5561,0.623316,0,-1.41339
-0.4978,24.4535,-1.1058,-0.0372504,0.0818,-1.41842
-0.4118,24.423,16.0192,-0.0780388,0.086,-1.42195
-0.2381,24.4465,-1.5146,-0.796548,0.1737,-1.4231
-0.1509,24.439,-1.5146,-0.113413,0.0872,-1.42274
-0.1509,24.439,-1.5146,0.583789,0,-1.42175
-0.064,24.4731,-2.399,-0.120847,0.0869,-1.41988
0.0259,24.4206,15.0311,-0.155196,0.0899,-1.41648
0.1151,24.4126,-2.5848,-0.160496,0.0892,-1.41154
0.2036,24.4388,-3.4436,-0.166341,0.0885,-1.40505
0.2913,24.4362,-3.5761,-0.171915,0.0877,-1.39704
0.2913,24.4362,-3.5761,0.526481,0,-1.38903
0.3782,24.4612,-3.8615,-0.181216,0.0869,-1.37951
0.4678,24.42,13.5984,-0.216206,0.0896,-1.36844
0.5563,24.4002,-4.0941,-0.221301,0.0885,-1.35582
0.6436,24.4334,-4.9688,-0.226081,0.0873,-1.3417
0.7295,24.4168,-5.0962,-0.229716,0.0859,-1.32609
0.7295,24.4168,-5.0962,0.450993,0,-1.30986
0.8143,24.4497,-5.3066,-0.242717,0.0848,-1.29278
0.9013,24.4018,11.7112,-0.276436,0.087,-1.27423
0.9869,24.389,-5.6316,-0.281807,0.0856,-1.25421
1.0709,24.4098,-6.4746,-0.285998,0.084,-1.23273
1.1531,24.4016,-6.6088,-0.288737,0.0822,-1.21043
1.2338,24.4231,-6.7136,-0.294286,0.0807,-1.18674
1.2338,24.4231,-6.7136,0.341592,0,-1.16243
1.3128,24.4234,-6.9208,-0.308584,0.079,-1.13674
1.3937,24.4136,8.9761,-0.342702,0.0809,-1.10967
1.4726,24.3833,-7.2783,-0.345958,0.0789,-1.08126
1.5495,24.4152,-8.1312,-0.34932,0.0769,-1.05207
1.5495,24.4152,-8.1312,0.253787,0,-1.02184
1.6968,24.4233,-8.2967,-0.952024,0.1473,-0.990139
1.7709,24.3945,6.781,-0.387003,0.0741,-0.957217
1.8416,24.348,-23.3643,-0.380519,0.0707,-0.923103
1.9096,24.2615,-9.2387,-0.379823,0.068,-0.887843
1.9754,24.3475,-9.0766,-0.38317,0.0658,-0.851925
1.9754,24.3475,-9.0766,0.128685,0,-0.815563
2.0387,24.2896,-9.1429,-0.399023,0.0633,-0.778118
2.1034,24.3472,3.6535,-0.4321,0.0647,-0.739599
2.1653,24.285,-9.5392,-0.431706,0.0619,-0.700059
2.1653,24.285,-9.5392,0.0475264,0,-0.660141
2.2244,24.3391,-10.3563,-0.447387,0.0591,-0.619632
2.2841,24.302,1.6245,-0.474874,0.0597,-0.57784
2.3407,24.3276,-10.7484,-0.472677,0.0566,-0.535482
2.3941,24.2931,-11.4355,-0.469689,0.0534,-0.492302
2.4442,24.3136,-11.3806,-0.465885,0.0501,-0.448338
2.4912,24.2944,-11.3059,-0.463662,0.047,-0.403645
2.4912,24.2944,-11.3059,-0.105634,0,-0.358716
2.5351,24.3196,-11.1552,-0.479371,0.0439,-0.313348
2.5786,24.323,-2.2045,-0.498926,0.0435,-0.267334
2.6188,24.3348,-11.5479,-0.495192,0.0402,-0.220719
2.6557,24.3281,-12.0368,-0.491346,0.0369,-0.173561
2.6892,24.3394,-11.9435,-0.486552,0.0335,-0.125921
2.6892,24.3394,-11.9435,-0.237656,0,-0.07816
2.7195,24.3432,-11.7275,-0.502312,0.0303,-0.030096
2.7482,24.3727,-5.5051,-0.511761,0.0287,0.018352
2.7736,24.3752,-12.1215,-0.507412,0.0254,0.06713
2.7954,24.385,-12.3577,-0.500411,0.0218,0.116177
2.8138,24.3919,-12.249,-0.494753,0.0184,0.165432
2.8288,24.4064,-12.0739,-0.488814,0.015,0.214835
2.8405,24.4192,-11.9325,-0.483392,0.0117,0.264355
2.8405,24.4192,-11.9325,-0.409589,0,0.313847
2.8488,24.4378,-11.6485,-0.496627,0.0083,0.363368
2.8543,24.4606,-9.8034,-0.494576,0.0055,0.412865
2.8543,24.4606,-9.8034,-0.470332,0,0.462256
2.8564,24.4775,-11.9281,-0.507055,0.0021,0.511537
2.8552,24.4949,-11.322,-0.500242,-0.0012,0.560806
2.8505,24.5112,-12.24,-0.491399,-0.0047,0.609873
2.8424,24.5266,-12.0697,-0.482908,-0.0081,0.65867
2.8309,24.5457,-11.8487,-0.473946,-0.0115,0.707139
2.816,24.565,-11.6364,-0.464489,-0.0149,0.755222
2.816,24.565,-11.6364,-0.602703,0,0.802758
2.7979,24.5867,-11.1759,-0.475035,-0.0181,0.850113
2.7755,24.5902,-14.6313,-0.457131,-0.0224,0.896953
2.7499,24.6089,-11.4396,-0.447473,-0.0256,0.943207
2.721,24.6355,-10.992,-0.436428,-0.0289,0.988819
2.689,24.6579,-10.7505,-0.426395,-0.032,1.03374
2.689,24.6579,-10.7505,-0.700362,0,1.07865
2.654,24.6851,-10.2235,-0.434532,-0.035,1.12283
2.6141,24.6692,-17.0727,-0.408677,-0.0399,1.16617
2.5712,24.688,-10.427,-0.397368,-0.0429,1.20862
2.5254,24.7225,-9.7806,-0.386196,-0.0458,1.25014
2.4768,24.7438,-9.4979,-0.375153,-0.0486,1.29068
2.4254,24.7759,-9.2186,-0.363624,-0.0514,1.33071
2.4254,24.7759,-9.2186,-0.79063,0,1.37023
2.3714,24.7991,-8.6543,-0.3686,-0.054,1.40865
2.3121,24.7651,-19.3294,-0.335174,-0.0593,1.44591
2.2502,24.7709,-8.7787,-0.322607,-0.0619,1.48197
2.1859,24.8184,-7.943,-0.311143,-0.0643,1.51738
2.1194,24.832,-7.6288,-0.300554,-0.0665,1.55153
2.1194,24.832,-7.6288,-0.845958,0,1.58504
2.0506,24.8732,-7.0775,-0.301545,-0.0688,1.61721
1.9767,24.816,-20.7126,-0.26566,-0.0739,1.64798
1.9008,24.8267,-7.1023,-0.253802,-0.0759,1.6773
1.8229,24.8679,-6.2052,-0.241154,-0.0779,1.70516
1.7432,24.8856,-5.9087,-0.22932,-0.0797,1.7315
1.7432,24.8856,-5.9087,-0.877456,0,1.75784
1.6618,24.9207,-5.2967,-0.228034,-0.0814,1.78263
1.5756,24.8657,-21.5001,-0.190274,-0.0862,1.80578
1.4879,24.8605,-5.2645,-0.178115,-0.0877,1.82731
1.3988,24.9124,-4.3205,-0.165919,-0.0891,1.8471
1.3988,24.9124,-4.3205,-0.886632,0,1.86688
1.3084,24.9165,-3.7116,-0.161617,-0.0904,1.88494
1.2136,24.885,-21.7295,-0.123439,-0.0948,1.9012
1.1178,24.848,-3.6041,-0.111282,-0.0958,1.91476
1.021,24.926,-2.6496,-0.09829,-0.0968,1.92647
0.9236,24.8959,-2.3457,-0.088048,-0.0974,1.93722
0.9236,24.8959,-2.3457,-0.871198,0,1.9471
0.8253,24.9659,-1.7649,-0.078166,-0.0983,1.95509
0.7233,24.8734,-21.3436,-0.0407988,-0.102,1.96117
0.5176,24.9079,-1.5178,0.808115,-0.2057,1.96431
0.5176,24.9079,-1.5178,-0.83839,0,1.96657
0.4153,24.9092,20.6392,-0.010256,-0.1023,1.96781
0.4153,24.9092,20.6392,-0.828804,0,1.96819
0.3134,24.7511,0.1799,-0.0027968,-0.1019,1.96664
0.2077,24.8327,-20.2838,0.0395676,-0.1057,1.96316
0.1023,24.7416,0.3664,0.0498728,-0.1054,1.95774
-0.0032,24.848,1.4255,0.0641536,-0.1055,1.95042
-0.1084,24.7912,1.6832,0.0756252,-0.1052,1.94204
-0.1084,24.7912,1.6832,-0.762284,0,1.93281
-0.2133,24.8658,2.327,0.0918644,-0.1049,1.92166
-0.3209,24.7791,-18.6208,0.129456,-0.1076,1.90859
-0.4279,24.7704,2.7329,0.141351,-0.107,1.8936
-0.5341,24.7941,3.6727,0.15232,-0.1062,1.87673
-0.6395,24.7917,3.9701,0.163953,-0.1054,1.85799
-0.6395,24.7917,3.9701,-0.671754,0,1.83926
-0.7433,24.8113,4.5352,0.17725,-0.1038,1.8187
-0.8486,24.7666,-16.3575,0.20875,-0.1053,1.79628
-0.9515,24.714,4.8676,0.209536,-0.1029,1.77203
-1.2163,24.7685,5.6551,1.46517,-0.2648,1.74438
-1.1641,24.7276,5.6747,-0.988086,0.0522,1.71724
-1.1641,24.7276,5.6747,-0.559043,0,1.68863
-1.2463,24.7575,-24.2658,0.118846,-0.0822,1.65846
-1.3441,24.522,-13.5397,0.266169,-0.0978,1.6266
-1.4398,24.6817,3.4075,0.272336,-0.0957,1.59311
-1.5314,24.5564,7.0906,0.262724,-0.0916,1.55804
-1.6195,24.6553,7.2447,0.257913,-0.0881,1.52209
-1.6195,24.6553,7.2447,-0.432254,0,1.48551
-1.7042,24.5739,6.8842,0.269046,-0.0847,1.44743
-1.7912,24.6169,-10.37,0.311972,-0.087,1.40787
-1.8762,24.5457,7.1625,0.320638,-0.085,1.36745
-1.9591,24.6018,8.2356,0.328862,-0.0829,1.32562
-2.0398,24.5502,8.4523,0.336628,-0.0807,1.28238
-2.0398,24.5502,8.4523,-0.29145,0,1.23858
-2.1182,24.5924,8.852,0.361639,-0.0784,1.19345
-2.1982,24.5428,-6.8499,0.401009,-0.08,1.14703
-2.2757,24.5448,9.4773,0.407826,-0.0775,1.09936
-2.3503,24.5256,10.4616,0.411452,-0.0746,1.05094
-2.4221,24.5247,10.632,0.416061,-0.0718,1.00137
-2.491,24.515,10.7226,0.42003,-0.0689,0.950676
-2.491,24.515,10.7226,-0.110731,0,0.899578
-2.5569,24.5181,10.9371,0.443909,-0.0659,0.847452
-2.6236,24.5133,-2.3319,0.47823,-0.0667,0.794324
-2.6871,24.4959,11.5341,0.480486,-0.0635,0.740561
-2.747,24.4888,12.3921,0.479542,-0.0599,0.685896
-2.747,24.4888,12.3921,0.0223224,0,0.630944
-2.8035,24.4767,12.4249,0.502281,-0.0565,0.575173
-2.86,24.4938,0.9944,0.530552,-0.0565,0.518619
-2.9128,24.4756,12.9934,0.529139,-0.0528,0.461353
-2.9617,24.4665,13.7001,0.525991,-0.0489,0.403448
-3.0069,24.4557,13.6648,0.5243,-0.0452,0.344974
-3.0069,24.4557,13.6648,0.18609,0,0.2865
-3.0483,24.456,13.5438,0.545018,-0.0414,0.227529
-3.0884,24.478,5.0886,0.562399,-0.0401,0.168102
-3.1245,24.4736,14.0618,0.557924,-0.0361,0.108314
-3.1566,24.4669,14.4963,0.553186,-0.0321,0.048184
-3.1846,24.4666,14.3844,0.547346,-0.028,-0.012214
-3.1846,24.4666,14.3844,0.347486,0,-0.072565
-3.2086,24.4714,14.12,0.56609,-0.024,-0.133075
-3.2301,24.496,9.1235,0.572484,-0.0215,-0.193685
-3.2474,24.4995,14.5886,0.564868,-0.0173,-0.254319
-3.2605,24.5005,14.7484,0.556884,-0.0131,-0.315084
-3.2694,24.5078,14.558,0.548443,-0.0089,-0.375757
-3.2694,24.5078,14.558,0.501422,0,-0.436206
-3.2744,24.5185,14.1474,0.56602,-0.005,-0.496449
-3.2757,24.5376,12.9719,0.560536,-0.0013,-0.556416
-3.2729,24.5486,14.5868,0.551304,0.0028,-0.616035
-3.2659,24.5603,14.4497,0.540824,0.007,-0.675584
-3.2549,24.5759,14.2189,0.531359,0.011,-0.734673
-3.2399,24.5926,13.9569,0.521275,0.015,-0.793213
-3.2399,24.5926,13.9569,0.66452,0,-0.851324
-3.2211,24.6132,13.4682,0.535226,0.0188,-0.908789
-3.1973,24.6113,17.0493,0.515542,0.0238,-0.96553
-3.1696,24.6284,13.817,0.503952,0.0277,-1.02148
-3.1381,24.6544,13.3249,0.492656,0.0315,-1.07712
-3.1381,24.6544,13.3249,0.766694,0,-1.13221
-3.0639,24.7041,12.7527,0.187178,0.0742,-1.18597
-3.0639,24.7041,12.7527,0.802034,0,-1.23911
-3.0235,24.7345,5.1158,0.495632,0.0404,-1.29121
-2.9774,24.6865,20.4872,0.465809,0.0461,-1.34217
-2.9276,24.7034,12.8271,0.451417,0.0498,-1.39264
-2.8743,24.7319,12.0816,0.437787,0.0533,-1.44189
-2.8743,24.7319,12.0816,0.883591,0,-1.4904
-2.8176,24.7602,11.381,0.443194,0.0567,-1.53759
-2.7551,24.7101,22.5261,0.408856,0.0625,-1.58337
-2.6893,24.7148,11.5162,0.393606,0.0658,-1.62769
-2.6204,24.7668,10.6577,0.379371,0.0689,-1.67133
-2.6204,24.7668,10.6577,0.9477,0,-1.71415
-2.5486,24.7796,9.9206,0.382616,0.0718,-1.75539
-2.471,24.7404,24.1288,0.344292,0.0776,-1.79498
-2.3907,24.7257,10.0017,0.32982,0.0803,-1.83288
-2.3077,24.7969,9.0436,0.314746,0.083,-1.86994
-2.2222,24.7947,8.6818,0.300318,0.0855,-1.90525
-2.1341,24.8554,8.305,0.284099,0.0881,-1.93872
-2.1341,24.8554,8.305,0.951811,0,-1.97124
-2.0438,24.8609,7.5388,0.282736,0.0903,-2.00189
-1.9483,24.83,24.2316,0.243074,0.0955,-2.03061
-1.8509,24.8001,7.5047,0.229232,0.0974,-2.05835
-1.7513,24.879,6.5132,0.211978,0.0996,-2.08412
-1.7513,24.879,6.5132,0.967743,0,-2.10887
-1.6501,24.8653,5.7358,0.207627,0.1012,-2.13054
-1.544,24.848,24.6299,0.166064,0.1061,-2.15116
-1.4367,24.7927,5.627,0.153142,0.1073,-2.16968
-1.3276,24.8954,4.5879,0.134803,0.1091,-2.18711
-1.2175,24.8472,4.2649,0.121917,0.1101,-2.20242
-1.2175,24.8472,4.2649,0.957997,0,-2.21667
-1.1061,24.9459,3.4843,0.110911,0.1114,-2.22875
-0.9909,24.8204,24.3863,0.072942,0.1152,-2.23863
-0.8747,24.8494,3.2091,0.0563872,0.1162,-2.24629
-0.7578,24.8566,2.2599,0.0416948,0.1169,-2.25279
-0.6401,24.8977,1.846,0.025232,0.1177,-2.25705
-0.6401,24.8977,1.846,0.968109,0,-2.26025
-0.522,24.8959,1.0671,0.0118752,0.1181,-2.26119
-0.2755,24.7197,24.6391,-0.988959,0.2465,-2.2586
-0.2755,24.7197,24.6391,0.929535,0,-2.25496
-0.151,24.7752,-24.2876,-0.0808692,0.1245,-2.25008
-0.025,24.4991,23.6747,-0.108342,0.126,-2.24289
0.1014,24.6458,-1.5854,-0.127982,0.1264,-2.23339
0.1014,24.6458,-1.5854,0.879006,0,-2.22286
0.2267,24.5342,-2.7632,-0.141696,0.1253,-2.20843
0.3558,24.5763,22.4115,-0.191086,0.1291,-2.19324
0.4835,24.4456,-3.1061,-0.199246,0.1277,-2.17676
0.6108,24.5623,-4.3408,-0.216204,0.1273,-2.15819
0.6108,24.5623,-4.3408,0.794376,0,-2.13864
0.7364,24.4426,-4.9688,-0.231689,0.1256,-2.11688
0.8654,24.4968,20.2957,-0.281376,0.129,-2.09291
0.9923,24.3247,-5.3559,-0.287713,0.1269,-2.06679
1.1185,24.469,-6.5981,-0.305685,0.1262,-2.03941
-1.8918,24.322,-6.7565,23.8337,-3.0103,-2.04129
-1.7352,24.4491,-7.2058,-0.262989,0.1566,-2.04073
-1.7352,24.4491,-7.2058,0.989247,0,-2.03932
1.6501,24.3391,-6.1384,-25.1238,3.3853,-2.00323
1.653,24.4168,25,0.598019,0.0029,-1.9663
1.7391,24.1709,-25,-0.0913064,0.0861,-1.92851
1.866,24.2301,15.3868,-0.446333,0.1269,-1.88867
1.866,24.2301,15.3868,0.55261,0,-1.84802
1.9901,24.0844,-10.722,-0.469663,0.1241,-1.80537
2.1173,24.1414,14.2516,-0.525054,0.1272,-1.76069
2.2422,24.0032,-11.3053,-0.537801,0.1249,-1.71405
2.3654,24.0545,-12.69,-0.555946,0.1232,-1.66548
2.4852,23.9101,-13.0087,-0.560631,0.1198,-1.61572
2.602,23.98,-13.4623,-0.568947,0.1168,-1.56413
2.715,23.8172,-13.5795,-0.571201,0.113,-1.51075
2.715,23.8172,-13.5795,0.31119,0,-1.45673
2.8252,23.9323,-13.8437,-0.603718,0.1102,-1.401
2.9353,23.7765,8.2161,-0.636658,0.1101,-1.34418
3.0423,23.8299,-14.6566,-0.645941,0.107,-1.28572
3.0423,23.8299,-14.6566,0.18645,0,-1.2267
3.1451,23.7148,-15.7122,-0.670462,0.1028,-1.16612
3.249,23.7728,5.0976,-0.714494,0.1039,-1.10401
3.3478,23.6184,-16.3252,-0.708993,0.0988,-1.04047
3.4407,23.7071,-17.426,-0.696874,0.0929,-0.975991
3.5267,23.2742,-17.2885,-0.676574,0.086,-0.910241
3.5267,23.2742,-17.2885,-0.015034,0,-0.84409
3.6084,23.5661,-16.478,-0.703736,0.0817,-0.776761
3.6877,23.1815,0.0605,-0.719843,0.0793,-0.708318
3.7625,23.4654,-17.1571,-0.719111,0.0748,-0.638847
3.8308,22.9597,-17.5597,-0.702003,0.0683,-0.568693
3.8958,23.3939,-17.5415,-0.71052,0.065,-0.497649
3.9553,22.8963,-17.1137,-0.701212,0.0595,-0.425795
3.9553,22.8963,-17.1137,-0.254023,0,-0.353768
4.0118,23.2848,-17.094,-0.740762,0.0565,-0.281045
4.0644,22.9377,-5.9142,-0.744157,0.0526,-0.207707
4.1122,23.1147,-18.0827,-0.740064,0.0478,-0.133891
4.1544,22.7228,-18.1676,-0.729199,0.0422,-0.059603
4.1544,22.7228,-18.1676,-0.421319,0,0.014698
4.2257,22.6029,-17.7936,-0.977401,0.0713,0.089684
4.2566,22.9051,-10.0967,-0.738824,0.0309,0.164909
4.2566,22.9051,-10.0967,-0.52167,0,0.240024
4.2829,22.6691,-18.0343,-0.764791,0.0263,0.315252
4.3062,22.8471,-12.6054,-0.773305,0.0233,0.390713
4.325,22.6828,-18.6834,-0.76937,0.0188,0.466174
4.325,22.6828,-18.6834,-0.649059,0,0.541397
4.3396,22.8144,-18.7979,-0.797356,0.0146,0.616489
4.35,22.7746,-15.7901,-0.794748,0.0104,0.69137
4.3553,23.0992,-19.4976,-0.784452,0.0053,0.766304
4.3556,22.8299,-19.4324,-0.77416,0.0003,0.840499
4.3556,22.8299,-19.4324,-0.801438,0,0.914694
4.3509,23.0943,-18.9177,-0.792865,-0.0047,0.988438
4.3417,22.8054,-19.5996,-0.785222,-0.0092,1.06163
4.3275,23.0414,-19.3853,-0.772822,-0.0142,1.13418
4.31,22.8828,-19.1942,-0.773409,-0.0175,1.20602
4.2878,23.0336,-18.8842,-0.762238,-0.0222,1.27764
4.2607,23.0465,-18.8989,-0.748641,-0.0271,1.34843
4.2607,23.0465,-18.8989,-0.993504,0,1.41858
4.2281,23.3571,-18.2797,-0.757114,-0.0326,1.48776
4.1886,23.5227,-24.4013,-0.7252,-0.0395,1.55585
4.1439,23.3245,-18.4915,-0.706187,-0.0447,1.62349
4.0949,23.5476,-17.6937,-0.693461,-0.049,1.68993
4.0949,23.5476,-17.6937,-1.05614,0,1.75559
4.0417,23.3948,-16.9002,-0.706534,-0.0532,1.81991
3.9865,23.4483,-25,-0.710191,-0.0552,1.88285
3.9294,23.5166,-17.227,-0.713887,-0.0571,1.94437
3.8715,23.4649,-17.3184,-0.72572,-0.0579,2.00442
3.8107,23.5107,-17.4109,-0.720219,-0.0608,2.06387
3.8107,23.5107,-17.4109,-1.16853,0,2.12242
3.7481,23.5107,-17.5691,-0.745762,-0.0626,2.17938
3.6792,23.4528,-25,-0.710593,-0.0689,2.23468
3.5885,23.2999,-18.2077,-0.548482,-0.0907,2.28808
3.4928,23.6149,-17.3285,-0.519888,-0.0957,2.34052
3.3966,23.3802,-13.2757,-0.526455,-0.0962,2.39099
3.3966,23.3802,-13.2757,-1.25003,0,2.44039
3.297,23.7085,-12.7251,-0.527992,-0.0996,2.48773
3.194,23.4187,-25,-0.508579,-0.103,2.53295
3.0876,23.7114,-12.7635,-0.487959,-0.1064,2.576
2.979,23.8819,-12.2781,-0.476285,-0.1086,2.61796
2.869,23.6261,-11.7627,-0.469986,-0.11,2.65771
2.7557,24.0074,-11.4708,-0.447242,-0.1133,2.69518
2.7557,24.0074,-11.4708,-1.29976,0,2.73148
2.6414,23.6864,-10.7447,-0.45593,-0.1143,2.76548
2.5217,23.9274,-25,-0.413408,-0.1197,2.79709
2.4004,23.7902,-10.9619,-0.40064,-0.1213,2.8275
2.2767,23.9328,-9.8989,-0.380264,-0.1237,2.85549
2.2767,23.9328,-9.8989,-1.31107,0,2.88101
2.1514,23.9192,-9.0703,-0.374851,-0.1253,2.90528
2.0217,23.8834,-25,-0.335372,-0.1297,2.927
1.8904,23.8831,-8.9349,-0.317103,-0.1313,2.94616
1.7573,23.9481,-7.948,-0.296017,-0.1331,2.96272
1.6227,23.9546,-7.4912,-0.276642,-0.1346,2.97793
1.6227,23.9546,-7.4912,-1.29107,0,2.99189
1.4867,24.0114,-6.4797,-0.26195,-0.136,3.0032
1.3468,23.924,-25,-0.220213,-0.1399,3.01183
1.2058,23.9294,-6.1124,-0.199693,-0.141,3.01778
1.0638,23.9762,-5.069,-0.179305,-0.142,3.02231
0.9208,23.9881,-4.556,-0.157742,-0.143,3.02416
0.9208,23.9881,-4.556,-1.23687,0,3.02471
0.7769,24.0243,-3.5072,-0.135512,-0.1439,3.02256
0.6297,23.9655,-25,-0.0924372,-0.1472,3.01767
0.4822,23.9241,-2.9515,-0.0847832,-0.1475,3.04141
0.3339,24.0042,-1.8746,-0.0718296,-0.1483,3.0621
0.1855,23.971,-1.6832,-0.0638724,-0.1484,3.08131
0.0362,24.044,-1.3594,-0.0352868,-0.1493,3.06517
0.0362,24.044,-1.3594,-1.16206,0,3.049
-0.1131,24.0195,-0.4458,-0.0064808,-0.1493,3.03048
-0.2654,24.0203,-25,0.0412748,-0.1523,3.00916
-0.4168,23.8815,0.2743,0.058346,-0.1514,2.98633
-0.5689,24.0424,1.4682,0.089392,-0.1521,2.96075
-0.7197,23.9045,1.895,0.10542,-0.1508,2.93237
-0.7197,23.9045,1.895,-1.03468,0,2.90276
-0.8709,24.0655,3.0718,0.148533,-0.1512,2.87039
-2.1446,23.8873,-25,8.8107,-1.2737,2.8241
-1.9635,23.9311,4.1497,-2.24563,0.1811,2.77844
-1.8295,23.8725,25,-1.88314,0.134,2.733
-1.9273,23.4895,-25,-0.0994988,-0.0978,2.68657
-2.0766,23.4115,-25,0.347038,-0.1493,2.63755
-2.0766,23.4115,-25,-0.827314,0,2.58744
-2.2244,23.3212,9.1123,0.390933,-0.1478,2.53477
-2.375,23.3085,-20.2465,0.450062,-0.1506,2.48059
-2.5233,23.1469,10.2097,0.469166,-0.1483,2.42391
-2.6705,23.2171,11.6879,0.498764,-0.1472,2.36472
-2.8148,23.0335,12.1655,0.514644,-0.1443,2.30309
-2.8148,23.0335,12.1655,-0.614734,0,2.24054
-2.9575,23.1058,13.3024,0.567073,-0.1427,2.17569
-3.1008,22.9437,-14.932,0.612713,-0.1433,2.10942
-3.2415,22.9802,14.6132,0.633382,-0.1407,2.04092
-3.3763,22.5063,15.7542,0.627918,-0.1348,1.97028
-3.5074,22.5786,16.2709,0.640508,-0.1311,1.89758
-3.6322,22.1801,16.1343,0.63244,-0.1248,1.82295
-3.6322,22.1801,16.1343,-0.335848,0,1.74767
-3.754,22.3687,16.2473,0.681569,-0.1218,1.67058
-3.8729,21.8725,-7.9599,0.701572,-0.1189,1.5923
-3.9905,22.2306,17.4756,0.734941,-0.1176,1.51227
-4.1056,21.9181,17.9756,0.759131,-0.1151,1.43057
-4.2202,21.8771,18.8099,0.799921,-0.1146,1.34725
-4.2202,21.8771,18.8099,-0.0833808,0,1.2635
-4.334,21.7179,20.4344,0.872353,-0.1138,1.17862
-4.4485,21.8573,-1.6482,0.9241,-0.1145,1.09188
-4.5617,21.6239,22.2452,0.960293,-0.1132,1.00369
-4.6753,21.694,23.5388,0.960051,-0.1136,0.914374
-4.6753,21.694,23.5388,0.137613,0,0.824792
-4.9003,21.6436,24.4376,1.89709,-0.225,0.732727
-4.9003,21.6436,24.4376,0.23384,0,0.640474
-4.997,21.7213,25,1.00168,-0.0967,0.547254
-5.092,21.3959,6.2823,1.03362,-0.095,0.452938
-5.1823,21.4805,25,1.0427,-0.0903,0.357615
-5.1823,21.4805,25,0.413334,0,0.262239
-5.2678,21.3253,25,1.08716,-0.0855,0.166005
-5.3513,21.4398,10.7697,1.11678,-0.0835,0.068936
-5.4274,20.9246,25,1.10492,-0.0761,-0.028847
-5.4978,21.2934,25,1.10568,-0.0704,-0.127242
-5.5615,20.8203,25,1.09839,-0.0637,-0.226132
-5.6215,20.9795,25,1.11371,-0.06,-0.325447
-5.6215,20.9795,25,0.731966,0,-0.42454
-5.6742,20.5687,25,1.13865,-0.0527,-0.523889
-5.7239,20.594,18.7355,1.15851,-0.0497,-0.623735
-5.7689,20.3137,25,1.16505,-0.045,-0.723705
-5.8099,20.3817,25,1.17654,-0.041,-0.82369
-5.8471,20.37,25,1.18916,-0.0372,-0.9236
-5.8471,20.37,25,0.993918,0,-1.02302
-5.8806,20.337,25,1.23991,-0.0335,-1.12278
-5.9107,20.3225,25,1.25475,-0.0301,-1.2223
-5.9374,20.3259,25,1.26916,-0.0267,-1.32154
-5.9606,20.3257,25,1.28234,-0.0232,-1.42044
-5.9606,20.3257,25,1.14339,0,-1.51876
-5.9837,20.3369,25,1.35836,-0.0231,-1.6167
-6.0067,20.3592,25,1.39709,-0.023,-1.71488
-6.0297,20.3926,25,1.43643,-0.023,-1.81265
-6.0525,20.4369,25,1.47406,-0.0228,-1.90997
-6.0752,20.4919,25,1.51218,-0.0227,-2.00661
-6.097,20.6214,25,1.54385,-0.0218,-2.10251
-6.097,20.6214,25,1.41424,0,-2.19744
-6.0786,18.5928,25,1.30866,0.0184,-2.29219
-6.0584,18.4282,25,1.32861,0.0202,-2.38575
-6.0342,18.6956,25,1.33098,0.0242,-2.47803
-6.0069,18.439,25,1.33939,0.0273,-2.56898
-5.9736,18.3121,25,1.32464,0.0333,-2.6585
-5.9736,18.3121,25,1.61132,0,-2.74693
-5.9367,17.8725,25,1.36041,0.0369,-2.83385
-5.8955,17.543,25,1.35669,0.0412,-2.92036
-5.8783,12.4649,25,1.56983,0.0172,-3.00556
-5.8657,10.0696,25,1.63547,0.0126,-3.08943
-5.8596,8.4808,25,1.71568,0.0061,-3.17203
-5.8578,6.9997,25,1.7791,0.0018,-3.25338
-5.8578,6.9997,25,1.82369,0,-3.33472
-5.859,6.3927,25,1.86336,-0.0012,-3.41483
-5.8598,6.0478,25,1.89035,-0.0008,-3.49364
-5.8581,6.0651,25,1.90063,0.0017,-3.57113
-5.8543,5.9666,25,1.91323,0.0038,-3.64724
-5.8543,5.9666,25,1.97052,0,-3.72201
-5.8484,5.9389,25,1.95351,0.0059,-3.79673
-5.8405,5.8022,25,1.96541,0.0079,-3.87
-5.8309,5.4235,25,1.97885,0.0096,-3.94177
-5.8296,4.3546,25,2.06854,0.0013,-4.01213
-5.8321,3.9642,25,2.12386,-0.0025,-4.08109
-5.836,3.701,25,2.16055,-0.0039,-4.14866
-5.836,3.701,25,2.15659,0,-4.21622
-5.8392,3.4283,25,2.20635,-0.0032,-4.28239
-5.8414,3.219,25,2.22355,-0.0022,-4.3471
-5.8426,3.0399,25,2.2401,-0.0012,-4.41034
-5.8427,2.8187,25,2.25522,-0.0001,-4.47211
-5.8427,2.8187,25,2.27737,0,-4.53239
-5.8425,2.5739,25,2.29817,0.0002,-4.59118
-5.8422,2.2584,25,2.31971,0.0003,-4.64996
-5.8417,1.9288,25,2.33992,0.0005,-4.70725
-5.8409,1.6138,25,2.35875,0.0008,-4.763
-5.84,1.3185,25,2.37851,0.0009,-4.81724
-5.8392,0.9377,25,2.39922,0.0008,-4.86994
-5.8382,0.6379,25,2.41706,0.001,-4.92112
-5.8382,0.6379,25,2.44411,0,-4.97231
-5.8382,0.3469,25,2.46298,0,-5.02198
-5.8378,0.0622,25,2.47394,0.0004,-5.05891
-5.8375,0.0372,25,2.48939,0.0003,-5.09765
-5.8375,0.0372,25,2.5069,0,-5.13773
-5.8374,0.0109,25,2.52099,0.0001,-5.17683
-5.8375,0.007,25,2.53681,-0.0001,-5.21444
-5.8376,0.0202,25,2.55111,-0.0001,-5.25205
-5.8379,0.0301,25,2.56639,-0.0003,-5.28819
-5.8382,0.0386,25,2.57958,-0.0003,-5.32282
-5.8382,0.0386,25,2.5899,0,-5.35597
-5.8388,0.0418,25,2.60655,-0.0006,-5.38765
-5.8388,0.0418,25,2.61349,0,-5.41789
-5.8391,0.0435,25,2.62729,-0.0003,-5.44814
-5.8395,0.0429,25,2.63904,-0.0004,-5.47696
-5.8398,0.0396,25,2.64871,-0.0003,-5.50435
-5.84,0.0319,25,2.65785,-0.0002,-5.53033
-5.8402,0.0243,25,2.66723,-0.0002,-5.55497
-5.8402,0.0243,25,2.67457,0,-5.5783
-5.8403,0.0174,25,2.68373,-0.0001,-5.60038
-5.8404,0.0059,25,2.69213,-0.0001,-5.62246
-5.8404,0.0003,25,2.6993,0,-5.64332
-5.8404,0.0003,25,2.70678,0,-5.663
-5.8402,0.0106,25,2.71227,0.0002,-5.6815
-5.8402,0.0106,25,2.72038,0,-5.69884
-5.8402,0.0085,25,2.72654,0,-5.71504
-5.8401,0.0099,25,2.73192,0.0001,-5.73124
-5.84,0.0081,25,2.73763,0.0001,-5.7463
-5.84,0.0028,25,2.74368,0,-5.76022
-5.84,0.0028,25,2.74854,0,-5.773
-5.84,0.0009,25,2.75297,0,-5.78465
-5.84,0.0008,25,2.75739,0,-5.79629
-5.84,0.003,25,2.76096,0,-5.80569
-5.8401,0.0052,25,2.7653,-0.0001,-5.81509
-5.8401,0.0052,25,2.76775,0,-5.82352
-5.8401,0.002,25,2.77059,0,-5.831
-5.8401,0.006,25,2.77309,0,-5.83758
-5.8401,0.0035,25,2.77559,0,-5.84416
-5.8401,0.0005,25,2.77776,0,-5.84988
-5.8401,0.0022,25,2.77962,0,-5.85477
-5.8401,0.0022,25,2.78119,0,-5.85889
-5.8401,0.0023,25,2.78249,0,-5.86232
-5.8401,0.0011,25,2.78355,0,-5.8651
-5.8401,0.0039,25,2.78438,0,-5.86729
-5.8401,0.0041,25,2.78521,0,-5.86948
-5.8401,0.0004,25,2.78584,0,-5.87113
-5.8401,0.0004,25,2.78628,0,-5.8723
-5.8401,0.0022,25,2.78655,0,-5.87301
-5.8401,0.0026,25,2.78667,0,-5.87331
-5.8401,0.0053,25,2.78664,0,-5.87324
-5.8401,0.0003,25,2.78661,0,-5.87317
-5.8401,0.0008,25,2.78646,0,-5.87277
-5.8401,0.0019,25,2.78619,0,-5.87206
-5.8401,0.0019,25,2.78582,0,-5.87109
-5.8401,0.0012,25,2.78536,0,-5.86988
-5.8401,0.0017,25,2.78491,0,-5.86868
-5.8401,0.0043,25,2.78436,0,-5.86724
-5.8402,0.0032,25,2.7845,-0.0001,-5.86558
-5.8402,0.0032,25,2.78302,0,-5.86368
-5.8401,0.0003,25,2.78144,0.0001,-5.86156
-5.8401,0.0014,25,2.78131,0,-5.85921
-5.8401,0.003,25,2.78033,0,-5.85664
-5.8401,0.0019,25,2.77936,0,-5.85407
-5.8401,0.0026,25,2.77845,0,-5.85168
-5.8401,0.0028,25,2.77762,0,-5.8495
-5.8401,0.0028,25,2.77688,0,-5.84756
-5.8401,0.0013,25,2.77625,0,-5.84589
-5.84,0.0042,25,2.77497,0.0001,-5.84455
-5.84,0.0017,25,2.77522,0,-5.84322
-5.8401,0.0023,25,2.77563,-0.0001,-5.84225
-5.8401,0.0029,25,2.77466,0,-5.8417
-5.8401,0.0011,25,2.77451,0,-5.84132
-5.8401,0.0001,25,2.77441,0,-5.84106
-5.8401,0.0012,25,2.77434,0,-5.84087
-5.8401,0.0012,25,2.77427,0,-5.84069
-5.8401,0.0014,25,2.7742,0,-5.84051
-5.8401,0.0002,25,2.77413,0,-5.84032
-5.8401,0.0008,25,2.77406,0,-5.84013
-5.8401,0.0017,25,2.77399,0,-5.83995
-5.8401,0.0017,25,2.77394,0,-5.8398
-5.8401,0.0019,25,2.77388,0,-5.83966
-5.8401,0.0009,25,2.77385,0,-5.83958
-5.8401,0.0051,25,2.77385,0,-5.83958
-5.8401,0.002,25,2.77388,0,-5.83967
-5.8401,0.0044,25,2.77392,0,-5.83977
-5.84,0.0012,25,2.77318,0.0001,-5.83985
-5.84,0.0012,25,2.77396,0,-5.83989
-5.8401,0.0038,25,2.77474,-0.0001,-5.83993
-5.8401,0.0013,25,2.77399,0,-5.83994
-5.8401,0.0029,25,2.77398,0,-5.83993
-5.8401,0.0043,25,2.77397,0,-5.8399
-5.8401,0.0017,25,2.77396,0,-5.83988
-5.8401,0.0017,25,2.77395,0,-5.83985
-5.8401,0.0005,25,2.77394,0,-5.83983
-5.8401,0.0026,25,2.77394,0,-5.83981
-5.8401,0.003,25,2.77393,0,-5.83979
-5.8401,0.003,25,2.77393,0,-5.83978
-5.8401,0.0006,25,2.77393,0,-5.83978
-5.8401,0.0017,25,2.77393,0,-5.83979
-5.8401,0.0003,25,2.77394,0,-5.83981
-5.8401,0.0003,25,2.77394,0,-5.83983
-5.8401,0.0011,25,2.77395,0,-5.83985
-5.8401,0.0024,25,2.77396,0,-5.83987
-5.8401,0.0024,25,2.77397,0,-5.8399
-5.8401,0.0025,25,2.77398,0,-5.83992
-5.8401,0.004,25,2.77399,0,-5.83995
-5.8401,0.0028,25,2.774,0,-5.83998
-5.8401,0.0014,25,2.77401,0,-5.84
-5.8401,0.0041,25,2.77402,0,-5.84002
-5.8401,0.0041,25,2.77403,0,-5.84004
-5.8401,0.0008,25,2.77403,0,-5.84006
