cte,speed,angle,steer_value,cte_diff,cte_integ
0.7598,0.438,0,-0.7598,0,0.7598
0.7598,0.876,0,-0.7598,0,0.7598
0.7598,0.876,0,-0.7598,0,0.7598
0.7598,1.314,-18.5587,-0.7598,0,0.7598
0.7598,1.752,-18.5587,-0.7598,0,0.7598
0.7598,2.19,-18.5587,-0.7598,0,0.7598
0.7598,2.628,-18.5587,-0.7598,0,0.7598
0.7598,2.628,-18.5587,-0.7598,0,0.7598
0.7598,3.066,-18.5587,-0.7598,0,0.7598
0.7598,3.504,-18.5587,-0.7598,0,0.7598
0.7598,3.942,-18.5587,-0.7598,0,0.7598
0.7598,4.38,-18.5587,-0.7598,0,0.7598
0.7598,4.818,-18.5587,-0.7598,0,0.7598
0.7598,4.818,-18.5587,-0.7598,0,0.7598
0.7598,5.694,-18.5587,-0.7598,0,0.7598
0.7598,5.694,-18.5587,-0.7598,0,0.7598
0.7598,6.132,-18.5587,-0.7598,0,0.7598
0.7599,6.57,-18.5587,-0.7599,0.0001,0.759806
0.7597,6.7858,-18.5587,-0.7597,-0.0002,0.7598
0.7597,6.7858,-18.5587,-0.7597,0,0.759795
0.7591,3.1911,-18.5562,-0.7591,-0.0006,0.759762
0.7586,1.6877,-18.5562,-0.7586,-0.0005,0.759709
0.7584,0.4643,-18.5412,-0.7584,-0.0002,0.759652
0.7578,0.5961,-18.5287,-0.7578,-0.0006,0.759575
0.7578,0.5961,-18.5287,-0.7578,0,0.759504
0.7573,1.2349,-18.5087,-0.7573,-0.0005,0.759419
0.7568,1.6197,-18.5087,-0.7568,-0.0005,0.759322
0.7562,1.7601,-18.4962,-0.7562,-0.0006,0.759211
0.7549,1.5567,-18.4837,-0.7549,-0.0013,0.759062
0.7543,1.3177,-18.4687,-0.7543,-0.0006,0.758903
0.7535,1.0624,-18.4362,-0.7535,-0.0008,0.758729
0.7535,1.0624,-18.4362,-0.7535,0,0.758566
0.7528,0.7927,-18.4012,-0.7528,-0.0007,0.758391
0.752,0.5942,-18.4012,-0.752,-0.0008,0.758203
0.7511,0.5175,-18.3837,-0.7511,-0.0009,0.758
0.7511,0.5175,-18.3837,-0.7511,0,0.757808
0.7503,0.5035,-18.3412,-0.7503,-0.0008,0.757605
0.7493,0.5752,-18.3412,-0.7493,-0.001,0.757387
0.7483,0.6226,-18.3212,-0.7483,-0.001,0.757154
0.7472,0.7031,-18.2962,-0.7472,-0.0011,0.756905
0.7449,0.7085,-18.2712,-0.7449,-0.0023,0.756612
0.7438,0.7318,-18.2437,-0.7438,-0.0011,0.756307
0.7438,0.7318,-18.2437,-0.7438,0,0.756016
0.7425,0.7739,-18.1587,-0.7425,-0.0013,0.755709
0.7412,0.7566,-18.1587,-0.7412,-0.0013,0.755387
0.7398,0.7941,-18.1262,-0.7398,-0.0014,0.755048
0.7398,0.7941,-18.1262,-0.7398,0,0.754723
0.7384,0.7797,-18.0587,-0.7384,-0.0014,0.754383
0.7369,0.8014,-18.0587,-0.7369,-0.0015,0.754027
0.7354,0.8551,-18.0237,-0.7354,-0.0015,0.753654
0.7337,0.8811,-17.9862,-0.7337,-0.0017,0.753263
0.7321,0.9006,-17.9487,-0.7321,-0.0016,0.752856
0.7303,0.961,-17.9062,-0.7303,-0.0018,0.75243
0.7303,0.961,-17.9062,-0.7303,0,0.75202
0.7268,0.9959,-17.8212,-0.7268,-0.0035,0.751562
0.7249,1.0265,-17.8212,-0.7249,-0.0019,0.751086
0.7228,1.0894,-17.7337,-0.7228,-0.0021,0.750589
0.7228,1.0894,-17.7337,-0.7228,0,0.75011
0.7207,1.1318,-17.6337,-0.7207,-0.0021,0.749612
0.7187,1.1303,-17.6337,-0.7187,-0.002,0.749097
0.7165,1.1802,-17.5812,-0.7165,-0.0022,0.748562
0.7143,1.1991,-17.5312,-0.7143,-0.0022,0.74801
0.712,1.2275,-17.4762,-0.712,-0.0023,0.747438
0.7071,1.3508,-17.4212,-0.7071,-0.0049,0.746808
0.7071,1.3508,-17.4212,-0.7071,0,0.746197
0.7045,1.337,-17.2412,-0.7045,-0.0026,0.745565
0.7019,1.4006,-17.2412,-0.7019,-0.0026,0.744913
0.6992,1.4316,-17.1762,-0.6992,-0.0027,0.744241
0.6992,1.4316,-17.1762,-0.6992,0,0.743588
0.6963,1.5051,-17.0437,-0.6963,-0.0029,0.742913
0.6933,1.5601,-17.0437,-0.6933,-0.003,0.742214
0.6902,1.5979,-16.9712,-0.6902,-0.0031,0.741492
0.687,1.6543,-16.8962,-0.687,-0.0032,0.740745
0.6837,1.6904,-16.8187,-0.6837,-0.0033,0.739974
0.6804,1.7158,-16.7387,-0.6804,-0.0033,0.73918
0.677,1.7737,-16.6562,-0.677,-0.0034,0.738362
0.6735,1.8364,-16.5737,-0.6735,-0.0035,0.737519
0.6698,1.8923,-16.4887,-0.6698,-0.0037,0.736651
0.666,1.9487,-16.4012,-0.666,-0.0038,0.735757
0.6621,1.9911,-16.3087,-0.6621,-0.0039,0.734836
0.6621,1.9911,-16.3087,-0.6621,0,0.733938
0.6581,2.0412,-16.1162,-0.6581,-0.004,0.733013
0.6539,2.0997,-16.1162,-0.6539,-0.0042,0.73206
0.6497,2.1419,-16.0162,-0.6497,-0.0042,0.73108
0.6453,2.2221,-15.9112,-0.6453,-0.0044,0.730071
0.6453,2.2221,-15.9112,-0.6453,0,0.729085
0.6361,2.3362,-15.6962,-0.6361,-0.0092,0.728016
0.6361,2.3362,-15.6962,-0.6361,0,0.726972
0.6313,2.3818,-15.4662,-0.6313,-0.0048,0.725897
0.6264,2.4584,-15.4662,-0.6264,-0.0049,0.724791
0.6213,2.5319,-15.3462,-0.6213,-0.0051,0.723654
0.6161,2.5853,-15.2237,-0.6161,-0.0052,0.722485
0.6161,2.5853,-15.2237,-0.6161,0,0.721341
0.6107,2.6578,-14.9662,-0.6107,-0.0054,0.720164
0.6051,2.7339,-14.9662,-0.6051,-0.0056,0.718953
0.5994,2.8186,-14.8312,-0.5994,-0.0057,0.717707
0.5935,2.859,-14.6912,-0.5935,-0.0059,0.716427
0.5935,2.859,-14.6912,-0.5935,0,0.715172
0.5874,2.9524,-14.4012,-0.5874,-0.0061,0.713882
0.5811,2.997,-14.4012,-0.5811,-0.0063,0.712554
0.5747,3.084,-14.2487,-0.5747,-0.0064,0.710703
0.5681,3.1342,-14.0912,-0.5681,-0.0066,0.708786
0.5614,3.2179,-13.9312,-0.5614,-0.0067,0.706802
0.5544,3.2826,-13.7662,-0.5544,-0.007,0.704748
0.5473,3.3584,-13.5987,-0.5473,-0.0071,0.702623
0.5473,3.3584,-13.5987,-0.5473,0,0.700498
0.54,3.4175,-13.2462,-0.54,-0.0073,0.6983
0.5326,3.4864,-13.2462,-0.5326,-0.0074,0.696028
0.525,3.5553,-13.0637,-0.525,-0.0076,0.69368
0.525,3.5553,-13.0637,-0.525,0,0.691332
0.5172,3.6092,-12.6887,-0.5172,-0.0078,0.688906
0.5093,3.6877,-12.6887,-0.5093,-0.0079,0.686401
0.5012,3.7393,-12.4937,-0.5012,-0.0081,0.683815
0.4929,3.8174,-12.2962,-0.4929,-0.0083,0.681146
0.4845,3.8708,-12.0937,-0.4845,-0.0084,0.678393
0.4759,3.9465,-11.8862,-0.4759,-0.0086,0.675554
0.4582,4.0758,-11.6762,-0.4582,-0.0177,0.672538
0.4582,4.0758,-11.6762,-0.4582,0,0.669521
0.4491,4.1338,-11.0187,-0.4491,-0.0091,0.666415
0.4399,4.2042,-11.0187,-0.4399,-0.0092,0.663217
0.4399,4.2042,-11.0187,-0.4399,0,0.660025
0.4305,4.2645,-10.5612,-0.4305,-0.0094,0.656744
0.421,4.3315,-10.5612,-0.421,-0.0095,0.65337
0.4113,4.3942,-10.3262,-0.4113,-0.0097,0.649905
0.4015,4.459,-10.0887,-0.4015,-0.0098,0.646342
0.3914,4.5228,-9.8462,-0.3914,-0.0101,0.642683
0.3813,4.5869,-9.6012,-0.3813,-0.0101,0.638928
0.371,4.6507,-9.3487,-0.371,-0.0103,0.635076
0.371,4.6507,-9.3487,-0.371,0,0.631237
0.35,4.7783,-8.8387,-0.35,-0.021,0.627194
0.3393,4.8415,-8.8387,-0.3393,-0.0107,0.623052
0.3393,4.8415,-8.8387,-0.3393,0,0.61891
0.3284,4.9052,-8.0462,-0.3284,-0.0109,0.614666
0.3174,4.9685,-8.0462,-0.3174,-0.011,0.61032
0.3063,5.0317,-7.7737,-0.3063,-0.0111,0.605872
0.2951,5.0947,-7.4987,-0.2951,-0.0112,0.601312
0.2837,5.1577,-7.2212,-0.2837,-0.0114,0.596646
0.2606,5.283,-6.9412,-0.2606,-0.0231,0.591759
0.2606,5.283,-6.9412,-0.2606,0,0.586882
0.2489,5.3458,-6.0787,-0.2489,-0.0117,0.581899
0.2371,5.4083,-6.0787,-0.2371,-0.0118,0.576821
0.2252,5.4706,-5.7862,-0.2252,-0.0119,0.571635
0.2132,5.5327,-5.4912,-0.2132,-0.012,0.566329
0.2132,5.5327,-5.4912,-0.2132,0,0.561036
0.2012,5.5949,-4.8937,-0.2012,-0.012,0.555636
0.1891,5.6567,-4.8937,-0.1891,-0.0121,0.550129
0.1769,5.7184,-4.5937,-0.1769,-0.0122,0.5445
0.1646,5.78,-4.2912,-0.1646,-0.0123,0.538762
0.1646,5.78,-4.2912,-0.1646,0,0.533039
0.1399,5.9027,-3.6787,-0.1399,-0.0247,0.527084
0.1274,5.9637,-3.6787,-0.1274,-0.0125,0.521021
0.1274,5.9637,-3.6787,-0.1274,0,0.514974
0.1149,6.0247,-2.7487,-0.1149,-0.0125,0.50882
0.1024,6.0856,-2.7487,-0.1024,-0.0125,0.502541
0.0898,6.1462,-2.4362,-0.0898,-0.0126,0.496171
0.0898,6.1462,-2.4362,-0.0898,0,0.48982
0.0773,6.2067,-1.8087,-0.0773,-0.0125,0.483365
0.0647,6.267,-1.8087,-0.0647,-0.0126,0.476784
0.0522,6.3272,-1.4962,-0.0522,-0.0125,0.470099
0.0396,6.3872,-1.1812,-0.0396,-0.0126,0.463308
0.0396,6.3872,-1.1812,-0.0396,0,0.456539
0.0146,6.5067,-0.5537,-0.0146,-0.025,0.449542
0.0146,6.5067,-0.5537,-0.0146,0,0.442568
0.0021,6.5661,0.0713,-0.0021,-0.0125,0.435518
-0.0103,6.6254,0.0713,0.0103,-0.0124,0.428344
-0.0226,6.6846,0.3838,0.0226,-0.0123,0.421073
-0.0348,6.7436,0.6938,0.0348,-0.0122,0.413706
-0.0468,6.8025,1.0013,0.0468,-0.012,0.406246
-0.0589,6.8611,1.3063,0.0589,-0.0121,0.398665
-0.0711,6.9196,1.6063,0.0711,-0.0122,0.390991
-0.0838,6.9779,1.9088,0.0838,-0.0127,0.38322
-0.0838,6.9779,1.9088,0.0838,0,0.37548
-0.097,7.0358,2.5313,0.097,-0.0132,0.36764
-0.1109,7.0938,2.5313,0.1109,-0.0139,0.359694
-0.1259,7.1516,2.8613,0.1259,-0.015,0.351631
-0.1419,7.2091,3.2088,0.1419,-0.016,0.343442
-0.1925,7.2664,3.5838,0.1925,-0.0506,0.334782
-0.1711,7.3235,3.9838,0.1711,0.0214,0.326373
-0.1718,7.3788,5.2488,0.1718,-0.0007,0.317995
-0.1718,7.3788,5.2488,0.1718,0,0.309656
-0.1736,7.4357,4.7313,0.1736,-0.0018,0.301299
-0.1765,7.4927,4.7313,0.1765,-0.0029,0.292953
-0.1802,7.5497,4.7763,0.1802,-0.0037,0.284612
-0.1802,7.5497,4.7763,0.1802,0,0.276313
-0.1845,7.6066,4.9413,0.1845,-0.0043,0.268015
-0.1894,7.6636,4.9413,0.1894,-0.0049,0.259668
-0.1946,7.7204,5.0488,0.1946,-0.0052,0.251361
-0.2,7.777,5.1713,0.2,-0.0054,0.243
-0.2055,7.8335,5.3013,0.2055,-0.0055,0.234632
-0.2109,7.8899,5.4363,0.2109,-0.0054,0.226259
-0.2162,7.9461,5.5738,0.2162,-0.0053,0.217884
-0.2162,7.9461,5.5738,0.2162,0,0.209561
-0.2214,8.002,5.8413,0.2214,-0.0052,0.201186
-0.2262,8.0579,5.8413,0.2262,-0.0048,0.192817
-0.2308,8.1137,5.9713,0.2308,-0.0046,0.184458
-0.2308,8.1137,5.9713,0.2308,0,0.176156
-0.235,8.1692,6.2063,0.235,-0.0042,0.167871
-0.239,8.2248,6.2063,0.239,-0.004,0.159546
-0.2427,8.2803,6.3113,0.2427,-0.0037,0.151245
-0.2462,8.3357,6.4113,0.2462,-0.0035,0.142972
-0.2494,8.3909,6.5038,0.2494,-0.0032,0.134731
-0.2523,8.446,6.5913,0.2523,-0.0029,0.126527
-0.255,8.5011,6.6713,0.255,-0.0027,0.118363
-0.255,8.5011,6.6713,0.255,0,0.110269
-0.2574,8.5559,6.8113,0.2574,-0.0024,0.102222
-0.2595,8.6107,6.8113,0.2595,-0.0021,0.094154
-0.2613,8.6655,6.8713,0.2613,-0.0018,0.086141
-0.2613,8.6655,6.8713,0.2613,0,0.078202
-0.2629,8.7201,6.9688,0.2629,-0.0016,0.070323
-0.2629,8.7201,6.9688,0.2629,0,0.062444
-0.2641,8.7746,7.0088,0.2641,-0.0012,0.054631
-0.2651,8.8291,7.0088,0.2651,-0.001,0.046887
-0.2658,8.8835,7.0388,0.2658,-0.0007,0.039217
-0.2662,8.9378,7.0638,0.2662,-0.0004,0.031626
-0.2663,8.9921,7.0813,0.2663,-0.0001,0.024118
-0.2663,8.9921,7.0813,0.2663,0,0.016696
-0.2661,9.0462,7.0938,0.2661,0.0002,0.009453
-0.2656,9.1003,7.0938,0.2656,0.0005,0.002215
-0.2648,9.1543,7.0888,0.2648,0.0008,-0.004924
-0.2637,9.2082,7.0763,0.2637,0.0011,-0.01196
-0.2623,9.262,7.0563,0.2623,0.0014,-0.018982
-0.2623,9.262,7.0563,0.2623,0,-0.02591
-0.2606,9.3158,6.9938,0.2606,0.0017,-0.032726
-0.2586,9.3695,6.9938,0.2586,0.002,-0.039425
-0.2563,9.4231,6.9513,0.2563,0.0023,-0.046003
-0.2538,9.4767,6.9013,0.2538,0.0025,-0.052455
-0.2538,9.4767,6.9013,0.2538,0,-0.058806
-0.2478,9.5836,6.7813,0.2478,0.006,-0.064994
-0.2478,9.5836,6.7813,0.2478,0,-0.071182
-0.2443,9.637,6.6313,0.2443,0.0035,-0.077125
-0.2406,9.6902,6.6313,0.2406,0.0037,-0.082924
-0.2366,9.7433,6.5438,0.2366,0.004,-0.088683
-0.2324,9.7964,6.4513,0.2324,0.0042,-0.094291
-0.2278,9.8494,6.3513,0.2278,0.0046,-0.099743
-0.2278,9.8494,6.3513,0.2278,0,-0.105084
-0.223,9.9024,6.1313,0.223,0.0048,-0.110265
-0.218,9.9552,6.1313,0.218,0.005,-0.115282
-0.2127,10.008,6.0113,0.2127,0.0053,-0.120015
-0.2127,10.008,6.0113,0.2127,0,-0.124748
-0.2014,10.1133,5.7538,0.2014,0.0113,-0.129251
-0.1953,10.1657,5.7538,0.1953,0.0061,-0.133575
-0.189,10.2181,5.4713,0.189,0.0063,-0.137717
-0.1825,10.2704,5.3188,0.1825,0.0065,-0.141674
-0.1758,10.3227,5.1613,0.1758,0.0067,-0.145564
-0.1689,10.3748,4.9988,0.1689,0.0069,-0.149265
-0.1689,10.3748,4.9988,0.1689,0,-0.152845
-0.1618,10.427,4.6588,0.1618,0.0071,-0.156232
-0.1546,10.4789,4.6588,0.1546,0.0072,-0.159424
-0.1472,10.5307,4.4813,0.1472,0.0074,-0.162542
-0.1472,10.5307,4.4813,0.1472,0,-0.165413
-0.1396,10.5825,4.1163,0.1396,0.0076,-0.168083
-0.1319,10.634,4.1163,0.1319,0.0077,-0.170676
-0.124,10.6855,3.9263,0.124,0.0079,-0.173065
-0.116,10.7369,3.7338,0.116,0.008,-0.175249
-0.1079,10.7881,3.5363,0.1079,0.0081,-0.177226
-0.0996,10.8392,3.3363,0.0996,0.0083,-0.17912
-0.0913,10.8902,3.1338,0.0913,0.0083,-0.180806
-0.0913,10.8902,3.1338,0.0913,0,-0.182366
-0.0829,10.9411,2.7188,0.0829,0.0084,-0.183717
-0.0745,10.9919,2.7188,0.0745,0.0084,-0.184858
-0.066,11.0425,2.5088,0.066,0.0085,-0.185914
-0.066,11.0425,2.5088,0.066,0,-0.18672
-0.0574,11.0929,2.0863,0.0574,0.0086,-0.18744
-0.0489,11.1433,2.0863,0.0489,0.0085,-0.18795
-0.0403,11.1935,1.8713,0.0403,0.0086,-0.18825
-0.0232,11.2459,1.6588,0.0232,0.0171,-0.188256
-0.0145,11.468,1.4438,0.0145,0.0087,-0.188053
-0.0062,11.0703,1.0163,0.0062,0.0083,-0.187647
-0.0062,11.0703,1.0163,0.0062,0,-0.18712
0.0023,11.4184,0.5913,-0.0023,0.0085,-0.186386
0.0107,11.5852,0.5913,-0.0107,0.0084,-0.185441
0.0188,11.295,0.3788,-0.0188,0.0081,-0.184415
0.0271,11.7066,0.1688,-0.0271,0.0083,-0.183174
0.0271,11.7066,0.1688,-0.0271,0,-0.181794
0.0349,11.3662,-0.2412,-0.0349,0.0078,-0.180186
0.0428,11.6951,-0.2412,-0.0428,0.0079,-0.178339
0.0506,11.726,-0.4362,-0.0506,0.0078,-0.175908
0.0656,11.7641,-0.6337,-0.0656,0.015,-0.173541
0.0729,11.6744,-0.8287,-0.0729,0.0073,-0.171094
0.08,11.8909,-1.2037,-0.08,0.0071,-0.168576
0.08,11.8909,-1.2037,-0.08,0,-0.16604
0.087,12.0433,-1.5637,-0.087,0.007,-0.163405
0.0936,11.8847,-1.5637,-0.0936,0.0066,-0.160667
0.1001,12.0737,-1.7387,-0.1001,0.0065,-0.157864
0.1064,11.8921,-1.9037,-0.1064,0.0063,-0.154955
0.1064,11.8921,-1.9037,-0.1064,0,-0.151997
0.1124,12.2356,-2.2237,-0.1124,0.006,-0.148927
0.118,12.0806,-2.2237,-0.118,0.0056,-0.145747
0.1235,12.218,-2.3737,-0.1235,0.0055,-0.142457
0.1287,12.1301,-2.5137,-0.1287,0.0052,-0.139061
0.1337,12.4697,-2.6512,-0.1337,0.005,-0.135562
0.1337,12.4697,-2.6512,-0.1337,0,-0.132063
0.1383,12.1701,-2.9062,-0.1383,0.0046,-0.128466
0.1426,12.5422,-2.9062,-0.1426,0.0043,-0.124778
0.1467,12.3588,-3.0212,-0.1467,0.0041,-0.121003
0.1504,12.5825,-3.1287,-0.1504,0.0037,-0.117191
0.1504,12.5825,-3.1287,-0.1504,0,-0.113337
0.1538,12.3242,-3.3237,-0.1538,0.0034,-0.109409
0.1569,12.5965,-3.3237,-0.1569,0.0031,-0.105413
0.1596,12.6553,-3.4087,-0.1596,0.0027,-0.101355
0.1621,12.7144,-3.4862,-0.1621,0.0025,-0.09724
0.1642,12.5618,-3.5537,-0.1642,0.0021,-0.093075
0.166,12.9306,-3.6162,-0.166,0.0018,-0.088865
0.1675,12.715,-3.6687,-0.1675,0.0015,-0.08464
0.1687,12.9876,-3.7137,-0.1687,0.0012,-0.080379
0.1695,12.7336,-3.7512,-0.1695,0.0008,-0.076089
0.1699,12.9534,-3.7812,-0.1699,0.0004,-0.071777
0.1699,12.9534,-3.7812,-0.1699,0,-0.067465
0.1701,12.9147,-3.8112,-0.1701,0.0002,-0.063135
0.1699,13.2343,-3.8112,-0.1699,-0.0002,-0.058807
0.1693,12.9268,-3.8162,-0.1693,-0.0006,-0.054473
0.1684,13.1828,-3.8112,-0.1684,-0.0009,-0.050138
0.1673,13.0477,-3.7962,-0.1673,-0.0011,-0.045807
0.1657,13.2979,-3.7737,-0.1657,-0.0016,-0.041488
0.1657,13.2979,-3.7737,-0.1657,0,-0.037168
0.1638,13.2013,-3.7062,-0.1638,-0.0019,-0.032867
0.1616,13.3384,-3.7062,-0.1616,-0.0022,-0.02859
0.1592,13.2396,-3.6587,-0.1592,-0.0024,-0.024342
0.1564,13.5568,-3.6037,-0.1564,-0.0028,-0.02013
0.1564,13.5568,-3.6037,-0.1564,0,-0.015929
0.1534,13.2805,-3.4737,-0.1534,-0.003,-0.011772
0.15,13.5039,-3.4737,-0.15,-0.0034,-0.007649
0.1464,13.4666,-3.3987,-0.1464,-0.0036,-0.003579
0.1424,13.7632,-3.3137,-0.1424,-0.004,0.000431
0.1383,13.4753,-3.2237,-0.1383,-0.0041,0.004377
0.1383,13.4753,-3.2237,-0.1383,0,0.008298
0.1293,13.5873,-3.0212,-0.1293,-0.009,0.012129
0.1243,13.904,-3.0212,-0.1243,-0.005,0.01585
0.1193,13.66,-2.7962,-0.1193,-0.005,0.019521
0.1139,13.886,-2.6712,-0.1139,-0.0054,0.023103
0.1085,13.7703,-2.5462,-0.1085,-0.0054,0.026594
0.1085,13.7703,-2.5462,-0.1085,0,0.030045
0.097,13.8233,-2.2762,-0.097,-0.0115,0.033339
0.091,14.0476,-2.2762,-0.091,-0.006,0.036527
0.0849,13.9972,-1.9887,-0.0849,-0.0061,0.039654
0.0849,13.9972,-1.9887,-0.0849,0,0.042733
0.0787,14.2777,-1.6862,-0.0787,-0.0062,0.0457
0.0725,14.0093,-1.6862,-0.0725,-0.0062,0.048552
0.0661,14.2319,-1.5312,-0.0661,-0.0064,0.05134
0.0532,14.4549,-1.3762,-0.0532,-0.0129,0.053886
0.0467,14.1945,-1.2162,-0.0467,-0.0065,0.056306
0.0401,14.4188,-0.8937,-0.0401,-0.0066,0.058597
0.0401,14.4188,-0.8937,-0.0401,0,0.060823
0.0337,14.3006,-0.5662,-0.0337,-0.0064,0.062918
0.0271,14.6192,-0.5662,-0.0271,-0.0066,0.064878
0.0208,14.3628,-0.4062,-0.0208,-0.0063,0.066775
0.0208,14.3628,-0.4062,-0.0208,0,0.068601
0.0143,14.5823,-0.0837,-0.0143,-0.0065,0.07029
0.0081,14.5003,-0.0837,-0.0081,-0.0062,0.071843
0.0018,14.7889,0.0788,-0.0018,-0.0063,0.073333
-0.0042,14.5419,0.2338,0.0042,-0.006,0.074687
-0.016,14.6589,0.3913,0.016,-0.0118,0.075846
-0.016,14.6589,0.3913,0.016,0,0.076926
-0.0218,14.9573,0.8363,0.0218,-0.0058,0.077868
-0.0272,14.7161,0.8363,0.0272,-0.0054,0.078675
-0.0326,14.9307,0.9813,0.0326,-0.0054,0.079345
-0.0377,14.8218,1.1163,0.0377,-0.0051,0.079881
-0.0427,15.1213,1.2513,0.0427,-0.005,0.080367
-0.0427,15.1213,1.2513,0.0427,0,0.080769
-0.0473,14.8851,1.5038,0.0473,-0.0046,0.081041
-0.0518,15.0964,1.5038,0.0518,-0.0045,0.081183
-0.0559,14.9941,1.6188,0.0559,-0.0041,0.081284
-0.0599,15.2839,1.7313,0.0599,-0.004,0.081259
-0.0635,15.0532,1.8338,0.0635,-0.0036,0.081113
-0.067,15.2612,1.9338,0.067,-0.0035,0.080846
-0.0701,15.1635,2.0238,0.0701,-0.0031,0.080377
-0.0729,15.4447,2.1113,0.0729,-0.0028,0.079793
-0.0754,15.2201,2.1888,0.0754,-0.0025,0.079101
-0.0777,15.4249,2.2588,0.0777,-0.0023,0.078386
-0.0777,15.4249,2.2588,0.0777,0,0.077586
-0.0795,15.3306,2.3788,0.0795,-0.0018,0.076684
-0.0811,15.6044,2.3788,0.0811,-0.0016,0.075685
-0.0823,15.3863,2.4238,0.0823,-0.0012,0.074591
-0.0834,15.5879,2.4638,0.0834,-0.0011,0.073486
-0.0839,15.4953,2.4938,0.0839,-0.0005,0.072298
-0.0842,15.7637,2.5213,0.0842,-0.0003,0.071028
-0.0841,15.5512,2.5338,0.0841,0.0001,0.069681
-0.0831,15.6584,2.5413,0.0831,0.001,0.068194
-0.0831,15.6584,2.5413,0.0831,0,0.066634
-0.0822,15.9219,2.5138,0.0822,0.0009,0.065012
-0.0808,15.7157,2.5138,0.0808,0.0014,0.063404
-0.0793,15.9122,2.4913,0.0793,0.0015,0.061741
-0.0773,15.8207,2.4563,0.0773,0.002,0.060032
-0.0751,16.0788,2.4188,0.0751,0.0022,0.05828
-0.0725,15.8794,2.3688,0.0725,0.0026,0.056491
-0.0698,16.0729,2.3138,0.0698,0.0027,0.054729
-0.0667,15.9822,2.2488,0.0667,0.0031,0.052938
-0.0598,16.0423,2.1813,0.0598,0.0069,0.05116
-0.056,16.2326,2.1038,0.056,0.0038,0.049365
-0.056,16.2326,2.1038,0.056,0,0.047518
-0.052,16.1429,1.8363,0.052,0.004,0.045661
-0.0477,16.3893,1.8363,0.0477,0.0043,0.043847
-0.0433,16.2041,1.7363,0.0433,0.0044,0.042031
-0.0433,16.2041,1.7363,0.0433,0,0.040172
-0.0388,16.3911,1.5188,0.0388,0.0045,0.038317
-0.034,16.3031,1.5188,0.034,0.0048,0.036473
-0.0232,16.3649,1.4063,0.0232,0.0108,0.034737
-0.0169,16.5482,1.2863,0.0169,0.0063,0.03303
-0.0099,16.4619,1.0163,0.0099,0.007,0.031362
-0.0029,16.6939,0.8588,0.0029,0.007,0.029737
0.0063,16.5244,0.6838,-0.0063,0.0092,0.028179
0.0148,16.7037,0.5088,-0.0148,0.0085,0.026685
0.0236,16.6193,0.2788,-0.0236,0.0088,0.025261
0.0329,16.8438,0.0663,-0.0329,0.0093,0.023915
0.0329,16.8438,0.0663,-0.0329,0,0.022557
0.0427,16.6819,-0.3862,-0.0427,0.0098,0.021289
0.0636,16.7763,-0.3862,-0.0636,0.0209,0.020226
0.0746,16.9898,-0.6312,-0.0746,0.011,0.019273
0.0858,16.8378,-1.1537,-0.0858,0.0112,0.01843
0.0858,16.8378,-1.1537,-0.0858,0,0.017589
0.1085,16.9318,-1.7087,-0.1085,0.0227,0.016981
0.1085,16.9318,-1.7087,-0.1085,0,0.016382
0.1194,17.1327,-2.2762,-0.1194,0.0109,0.015903
0.1298,16.9893,-2.2762,-0.1298,0.0104,0.015544
0.1298,16.9893,-2.2762,-0.1298,0,0.015185
0.1397,17.1507,-2.8087,-0.1397,0.0099,0.014944
0.1491,17.085,-2.8087,-0.1491,0.0094,0.014819
0.1579,17.2692,-3.0562,-0.1579,0.0088,0.014806
0.1662,17.1395,-3.2912,-0.1662,0.0083,0.014904
0.1739,17.2925,-3.5112,-0.1739,0.0077,0.015079
0.1809,17.2379,-3.7187,-0.1809,0.007,0.015354
0.1872,17.4007,-3.9112,-0.1872,0.0063,0.015726
0.1929,17.2899,-4.0862,-0.1929,0.0057,0.016191
0.1929,17.2899,-4.0862,-0.1929,0,0.016696
0.1979,17.4304,-4.3862,-0.1979,0.005,0.017292
0.2021,17.3903,-4.3862,-0.2021,0.0042,0.01793
0.2055,17.5298,-4.5112,-0.2055,0.0034,0.018692
0.2083,17.4385,-4.6162,-0.2083,0.0028,0.019532
0.2102,17.5691,-4.7012,-0.2102,0.0019,0.020441
0.2114,17.5393,-4.7712,-0.2114,0.0012,0.021416
0.2118,17.6622,-4.8187,-0.2118,0.0004,0.022449
0.2116,17.5867,-4.8487,-0.2116,-0.0002,0.02348
0.2104,17.7093,-4.8587,-0.2104,-0.0012,0.024614
0.2059,17.798,-4.8237,-0.2059,-0.0045,0.025763
0.2026,17.7356,-4.8237,-0.2026,-0.0033,0.02694
0.1985,17.8508,-4.7112,-0.1985,-0.0041,0.028076
0.1985,17.8508,-4.7112,-0.1985,0,0.029274
0.1938,17.8345,-4.5262,-0.1938,-0.0047,0.030487
0.1882,17.9369,-4.5262,-0.1882,-0.0056,0.031708
0.1822,17.8855,-4.4087,-0.1822,-0.006,0.032998
0.1753,17.9939,-4.2687,-0.1753,-0.0069,0.034284
0.168,17.9815,-4.1187,-0.168,-0.0073,0.035563
0.1599,18.0775,-3.9462,-0.1599,-0.0081,0.036761
0.1514,18.0356,-3.7637,-0.1514,-0.0085,0.037938
0.1423,18.1376,-3.5612,-0.1423,-0.0091,0.03909
0.1328,18.128,-3.3487,-0.1328,-0.0095,0.04021
0.1227,18.2183,-3.1212,-0.1227,-0.0101,0.041229
0.1227,18.2183,-3.1212,-0.1227,0,0.042313
0.1124,18.186,-2.6312,-0.1124,-0.0103,0.043356
0.1016,18.2805,-2.6312,-0.1016,-0.0108,0.044354
0.0906,18.2741,-2.3737,-0.0906,-0.011,0.045302
0.0792,18.3573,-2.1037,-0.0792,-0.0114,0.046254
0.0677,18.336,-1.8287,-0.0677,-0.0115,0.047091
0.0677,18.336,-1.8287,-0.0677,0,0.047986
0.0443,18.4187,-1.2562,-0.0443,-0.0234,0.048701
0.0443,18.4187,-1.2562,-0.0443,0,0.04947
0.0324,18.4926,-0.6712,-0.0324,-0.0119,0.050171
0.0087,18.5564,-0.6712,-0.0087,-0.0237,0.050685
-0.0031,18.5625,-0.3737,0.0031,-0.0118,0.051081
-0.0031,18.5625,-0.3737,0.0031,0,0.051523
-0.0148,18.6249,0.5138,0.0148,-0.0117,0.051893
-0.0263,18.6292,0.5138,0.0263,-0.0115,0.052189
-0.0376,18.6877,0.8063,0.0376,-0.0113,0.052412
-0.0485,18.7033,1.0938,0.0485,-0.0109,0.052562
-0.0485,18.7033,1.0938,0.0485,0,0.052747
-0.0693,18.7706,1.6488,0.0693,-0.0208,0.052755
-0.0793,18.8151,1.6488,0.0793,-0.01,0.052691
-0.0887,18.8412,2.1688,0.0887,-0.0094,0.052558
-0.0977,18.8788,2.4188,0.0977,-0.009,0.052358
-0.106,18.9078,2.6538,0.106,-0.0083,0.052075
-0.106,18.9078,2.6538,0.106,0,0.05181
-0.1138,18.9405,3.0863,0.1138,-0.0078,0.051483
-0.1209,18.9746,3.0863,0.1209,-0.0071,0.051097
-0.1275,19.0032,3.2813,0.1275,-0.0066,0.050656
-0.1333,19.0405,3.4588,0.1333,-0.0058,0.050162
-0.1333,19.0405,3.4588,0.1333,0,0.049671
-0.1385,19.0657,3.7688,0.1385,-0.0052,0.049127
-0.1466,19.1287,3.7688,0.1466,-0.0081,0.048492
-0.1496,19.1716,3.8988,0.1496,-0.003,0.047827
-0.1518,19.1922,4.1013,0.1518,-0.0022,0.047131
-0.1532,19.2365,4.1763,0.1532,-0.0014,0.046407
-0.1539,19.2555,4.2313,0.1539,-0.0007,0.045661
-0.1537,19.3022,4.2663,0.1537,0.0002,0.044897
-0.1528,19.3185,4.2838,0.1528,0.0009,0.04412
-0.1511,19.3678,4.2788,0.1511,0.0017,0.043334
-0.1511,19.3678,4.2788,0.1511,0,0.042521
-0.1486,19.3828,4.2138,0.1486,0.0025,0.041702
-0.1453,19.4333,4.2138,0.1453,0.0033,0.040847
-0.1414,19.4474,4.1513,0.1414,0.0039,0.039993
-0.1365,19.4989,4.0688,0.1365,0.0049,0.039188
-0.1311,19.5123,3.9713,0.1311,0.0054,0.038397
-0.1249,19.5648,3.8488,0.1249,0.0062,0.037625
-0.1181,19.5775,3.7138,0.1181,0.0068,0.036877
-0.1024,19.6429,3.5588,0.1024,0.0157,0.036286
-0.1024,19.6429,3.5588,0.1024,0,0.03565
-0.0937,19.6965,2.9963,0.0937,0.0087,0.035053
-0.0845,19.7085,2.9963,0.0845,0.0092,0.03444
-0.0845,19.7085,2.9963,0.0845,0,0.033764
-0.0748,19.7622,2.5488,0.0748,0.0097,0.033115
-0.0648,19.7743,2.5488,0.0648,0.01,0.032496
-0.0542,19.8273,2.3063,0.0542,0.0106,0.031891
-0.032,19.8919,2.0563,0.032,0.0222,0.031423
-0.032,19.8919,2.0563,0.032,0,0.030867
-0.0206,19.9051,1.2363,0.0206,0.0114,0.030332
-0.009,19.9558,1.2363,0.009,0.0116,0.029913
0.0028,19.97,0.9513,-0.0028,0.0118,0.029514
0.0147,20.0184,0.6613,-0.0147,0.0119,0.029025
0.0147,20.0184,0.6613,-0.0147,0,0.028426
0.0265,20.0342,0.0688,-0.0265,0.0118,0.027833
0.0383,20.08,0.0688,-0.0383,0.0118,0.027358
0.05,20.0979,-0.2262,-0.05,0.0117,0.026773
0.0616,20.141,-0.5212,-0.0616,0.0116,0.026304
0.0841,20.2014,-0.8137,-0.0841,0.0225,0.025951
0.095,20.2231,-1.1037,-0.095,0.0109,0.025603
0.095,20.2231,-1.1037,-0.095,0,0.025255
0.1055,20.2606,-1.9387,-0.1055,0.0105,0.024913
0.1155,20.2833,-1.9387,-0.1155,0.01,0.024577
0.1251,20.3184,-2.2012,-0.1251,0.0096,0.024249
0.1251,20.3184,-2.2012,-0.1251,0,0.023838
0.134,20.3438,-2.6912,-0.134,0.0089,0.023439
0.1425,20.3752,-2.6912,-0.1425,0.0085,0.023055
0.1502,20.4039,-2.9137,-0.1502,0.0077,0.022685
0.1573,20.432,-3.1262,-0.1573,0.0071,0.022329
0.1637,20.4634,-3.3187,-0.1637,0.0064,0.022037
0.1694,20.4886,-3.4962,-0.1694,0.0057,0.021752
0.1743,20.5228,-3.6562,-0.1743,0.0049,0.021474
0.1743,20.5228,-3.6562,-0.1743,0,0.021162
0.1784,20.5448,-3.9212,-0.1784,0.0041,0.020863
0.1816,20.5818,-3.9212,-0.1816,0.0032,0.020577
0.1841,20.6013,-4.0237,-0.1841,0.0025,0.020304
0.1857,20.6412,-4.1037,-0.1857,0.0016,0.020043
0.1864,20.6581,-4.1662,-0.1864,0.0007,0.019791
0.1862,20.7008,-4.2062,-0.1862,-0.0002,0.019549
0.1853,20.7153,-4.2237,-0.1853,-0.0009,0.019343
0.1834,20.7606,-4.2187,-0.1834,-0.0019,0.019151
0.1807,20.773,-4.1962,-0.1807,-0.0027,0.018973
0.177,20.8207,-4.1487,-0.177,-0.0037,0.018758
0.1726,20.8312,-4.0812,-0.1726,-0.0044,0.018546
0.1673,20.8812,-3.9887,-0.1673,-0.0053,0.018337
0.1556,20.9417,-3.8787,-0.1556,-0.0117,0.018071
0.1556,20.9417,-3.8787,-0.1556,0,0.017874
0.1499,20.9491,-3.4537,-0.1499,-0.0057,0.017693
0.1442,21.0026,-3.4537,-0.1442,-0.0057,0.017536
0.1392,21.0087,-3.3112,-0.1392,-0.005,0.017414
0.1349,21.0631,-3.1687,-0.1349,-0.0043,0.01734
0.1349,21.0631,-3.1687,-0.1349,0,0.017361
0.1288,21.0684,-2.9362,-0.1288,-0.0061,0.017422
0.1167,21.1278,-2.9362,-0.1167,-0.0121,0.017362
0.1117,21.1833,-2.7837,-0.1117,-0.005,0.017355
0.1074,21.1871,-2.4812,-0.1074,-0.0043,0.017413
0.1032,21.2432,-2.3562,-0.1032,-0.0042,0.017539
0.0987,21.2462,-2.2487,-0.0987,-0.0045,0.017734
0.0987,21.2462,-2.2487,-0.0987,0,0.018044
0.0936,21.3026,-2.0312,-0.0936,-0.0051,0.018303
0.0882,21.3052,-2.0312,-0.0882,-0.0054,0.018742
0.0822,21.3614,-1.9037,-0.0822,-0.006,0.019121
0.076,21.364,-1.7687,-0.076,-0.0062,0.019557
0.076,21.364,-1.7687,-0.076,0,0.02023
0.0624,21.4223,-1.4637,-0.0624,-0.0136,0.020885
0.055,21.4782,-1.4637,-0.055,-0.0074,0.021466
0.0475,21.4806,-1.1237,-0.0475,-0.0075,0.022089
0.0396,21.536,-0.9387,-0.0396,-0.0079,0.022748
0.0317,21.5384,-0.7512,-0.0317,-0.0079,0.023441
0.0317,21.5384,-0.7512,-0.0317,0,0.024243
0.0236,21.5931,-0.3562,-0.0236,-0.0081,0.024964
0.0155,21.5959,-0.3562,-0.0155,-0.0081,0.025812
0.0072,21.6494,-0.1537,-0.0072,-0.0083,0.026677
0.0072,21.6494,-0.1537,-0.0072,0,0.027636
-0.0009,21.6533,0.2563,0.0009,-0.0081,0.028604
-0.0091,21.7049,0.2563,0.0091,-0.0082,0.029573
-0.0171,21.7103,0.4588,0.0171,-0.008,0.030462
-0.0251,21.7599,0.6638,0.0251,-0.008,0.031349
-0.0328,21.7669,0.8638,0.0328,-0.0077,0.03223
-0.0403,21.814,1.0638,0.0403,-0.0075,0.033102
-0.0403,21.814,1.0638,0.0403,0,0.034032
-0.0475,21.823,1.4438,0.0475,-0.0072,0.03489
-0.0544,21.8672,1.4438,0.0544,-0.0069,0.035731
-0.0609,21.8791,1.6238,0.0609,-0.0065,0.036588
-0.0671,21.9198,1.7963,0.0671,-0.0062,0.037413
-0.0728,21.9348,1.9588,0.0728,-0.0057,0.038203
-0.0728,21.9348,1.9588,0.0728,0,0.039007
-0.078,21.9717,2.2563,0.078,-0.0052,0.039766
-0.0827,21.9901,2.2563,0.0827,-0.0047,0.040476
-0.0869,22.0232,2.3863,0.0869,-0.0042,0.041135
-0.0936,22.0744,2.5038,0.0936,-0.0067,0.04171
-0.1,22.1769,2.6088,0.1,-0.0064,0.042221
-0.0966,22.2788,2.7763,0.0966,0.0034,0.042741
-0.094,22.326,2.9363,0.094,0.0026,0.043254
-0.0773,22.4401,2.8513,0.0773,0.0167,0.043895
-0.0715,22.4273,2.7863,0.0715,0.0058,0.044545
-0.0651,22.4975,2.3688,0.0651,0.0064,0.045205
-0.0651,22.4975,2.3688,0.0651,0,0.045803
-0.0582,22.477,2.0638,0.0582,0.0069,0.046402
-0.0507,22.5551,2.0638,0.0507,0.0075,0.046919
-0.0428,22.5268,1.8913,0.0428,0.0079,0.047515
-0.0345,22.612,1.7038,0.0345,0.0083,0.048107
-0.0258,22.5769,1.5063,0.0258,0.0087,0.048694
-0.0167,22.6678,1.2988,0.0167,0.0091,0.049372
-0.0167,22.6678,1.2988,0.0167,0,0.049953
-0.0074,22.6275,0.8538,0.0074,0.0093,0.050527
0.0021,22.7221,0.8538,-0.0021,0.0095,0.05109
0.0217,22.7754,0.6213,-0.0217,0.0196,0.051627
0.0217,22.7754,0.6213,-0.0217,0,0.052164
0.0316,22.7305,-0.1062,-0.0316,0.0099,0.052686
0.0416,22.827,-0.1062,-0.0416,0.01,0.053192
0.0514,22.7824,-0.3537,-0.0514,0.0098,0.053678
0.0612,22.8774,-0.6037,-0.0612,0.0098,0.054143
0.0708,22.8342,-0.8487,-0.0708,0.0096,0.054704
0.0802,22.9266,-1.0937,-0.0802,0.0094,0.055241
0.0892,22.8859,-1.3337,-0.0892,0.009,0.05575
0.1064,22.9378,-1.5687,-0.1064,0.0172,0.056314
0.1144,23.0215,-1.7937,-0.1144,0.008,0.056842
0.1144,23.0215,-1.7937,-0.1144,0,0.057145
0.1218,22.9893,-2.4237,-0.1218,0.0074,0.057413
0.1287,23.0663,-2.4237,-0.1287,0.0069,0.05775
0.1349,23.0407,-2.6087,-0.1349,0.0062,0.058044
0.1405,23.1106,-2.7812,-0.1405,0.0056,0.058294
0.1454,23.092,-2.9362,-0.1454,0.0049,0.058497
0.1454,23.092,-2.9362,-0.1454,0,0.0587
0.1496,23.1541,-3.1987,-0.1496,0.0042,0.058856
0.1529,23.1429,-3.1987,-0.1529,0.0033,0.05896
0.1555,23.1977,-3.3037,-0.1555,0.0026,0.059013
0.1573,23.1937,-3.3862,-0.1573,0.0018,0.059013
0.1582,23.2418,-3.4512,-0.1582,0.0009,0.058958
0.1582,23.2418,-3.4512,-0.1582,0,0.058846
0.1583,23.2438,-3.5187,-0.1583,0.0001,0.058686
0.1575,23.2868,-3.5187,-0.1575,-0.0008,0.058518
0.1559,23.2936,-3.5212,-0.1559,-0.0016,0.058293
0.1534,23.3328,-3.5012,-0.1534,-0.0025,0.058011
0.1534,23.3328,-3.5012,-0.1534,0,0.057704
0.15,23.3435,-3.3987,-0.15,-0.0034,0.057347
0.1458,23.3797,-3.3987,-0.1458,-0.0042,0.056941
0.1349,23.4271,-3.3137,-0.1349,-0.0109,0.056428
0.1281,23.4429,-3.2087,-0.1281,-0.0068,0.055856
0.1207,23.4751,-2.9362,-0.1207,-0.0074,0.055229
0.1207,23.4751,-2.9362,-0.1207,0,0.054629
0.1125,23.4931,-2.5812,-0.1125,-0.0082,0.053984
0.1037,23.5237,-2.5812,-0.1037,-0.0088,0.053295
0.0942,23.543,-2.3762,-0.0942,-0.0095,0.052564
0.0841,23.5724,-2.1562,-0.0841,-0.0101,0.051849
0.0743,23.5928,-1.9187,-0.0743,-0.0098,0.051036
0.0653,23.6211,-1.6662,-0.0653,-0.009,0.05019
0.0571,23.6423,-1.4212,-0.0571,-0.0082,0.049319
0.0502,23.6696,-1.1962,-0.0502,-0.0069,0.048429
0.0431,23.6912,-0.9912,-0.0431,-0.0071,0.047511
0.0365,23.7177,-0.8187,-0.0365,-0.0066,0.046527
0.031,23.7396,-0.6412,-0.031,-0.0055,0.045549
0.0266,23.7654,-0.4762,-0.0266,-0.0044,0.044648
0.0231,23.7876,-0.3387,-0.0231,-0.0035,0.043762
0.0204,23.8128,-0.2287,-0.0204,-0.0027,0.042892
0.0204,23.8128,-0.2287,-0.0204,0,0.042064
0.0176,23.8352,-0.0737,-0.0176,-0.0028,0.041253
0.0147,23.8599,-0.0737,-0.0147,-0.0029,0.040413
0.0118,23.8826,-0.0037,-0.0118,-0.0029,0.039595
0.0088,23.9069,0.0688,-0.0088,-0.003,0.038801
0.0058,23.9297,0.1413,-0.0058,-0.003,0.038037
0.0027,23.9538,0.2163,-0.0027,-0.0031,0.037304
0.0027,23.9538,0.2163,-0.0027,0,0.036571
-0.0003,23.9765,0.3688,0.0003,-0.003,0.035944
-0.0033,24.0003,0.3688,0.0033,-0.003,0.035361
-0.0062,24.0231,0.4438,0.0062,-0.0029,0.034824
-0.0091,24.0467,0.5188,0.0091,-0.0029,0.034337
-0.0119,24.0695,0.5913,0.0119,-0.0028,0.033901
-0.0119,24.0695,0.5913,0.0119,0,0.033465
-0.0145,24.0928,0.7338,0.0145,-0.0026,0.033084
-0.017,24.1156,0.7338,0.017,-0.0025,0.032759
-0.0193,24.1387,0.7988,0.0193,-0.0023,0.032494
-0.0215,24.1615,0.8613,0.0215,-0.0022,0.032207
-0.0234,24.1845,0.9188,0.0234,-0.0019,0.031982
-0.0252,24.2071,0.9738,0.0252,-0.0018,0.031821
-0.028,24.2526,1.0213,0.028,-0.0028,0.031712
-0.029,24.2754,1.0663,0.029,-0.001,0.031673
-0.0298,24.2979,1.1363,0.0298,-0.0008,0.031703
-0.0298,24.2979,1.1363,0.0298,0,0.031808
-0.0303,24.3206,1.1813,0.0303,-0.0005,0.031908
-0.0304,24.343,1.1813,0.0304,-0.0001,0.032079
-0.0303,24.3656,1.1938,0.0303,0.0001,0.03232
-0.0299,24.3881,1.1963,0.0299,0.0004,0.03263
-0.0292,24.4105,1.1938,0.0292,0.0007,0.033009
-0.0269,24.4554,1.1838,0.0269,0.0023,0.033468
-0.0252,24.4777,1.1663,0.0252,0.0017,0.033944
-0.0211,24.5224,1.1088,0.0211,0.0041,0.034513
-0.0211,24.5224,1.1088,0.0211,0,0.035129
-0.0185,24.5447,0.9638,0.0185,0.0026,0.035813
-0.0158,24.5669,0.9638,0.0158,0.0027,0.036591
-0.0127,24.5891,0.8988,0.0127,0.0031,0.037464
-0.0095,24.6113,0.8313,0.0095,0.0032,0.038335
-0.0059,24.6335,0.7538,0.0059,0.0036,0.039216
-0.0059,24.6335,0.7538,0.0059,0,0.03993
0.0016,24.6776,0.5838,-0.0016,0.0075,0.040661
0.0057,24.6996,0.5838,-0.0057,0.0041,0.041369
0.0143,24.7435,0.3963,-0.0143,0.0086,0.042163
0.0188,24.7654,0.2938,-0.0188,0.0045,0.042933
0.0188,24.7654,0.2938,-0.0188,0,0.043628
0.0233,24.7871,-0.0337,-0.0233,0.0045,0.044289
0.0279,24.8088,-0.0337,-0.0279,0.0046,0.044913
0.0324,24.8304,-0.1462,-0.0324,0.0045,0.045495
0.037,24.852,-0.2612,-0.037,0.0046,0.046032
0.037,24.852,-0.2612,-0.037,0,0.046569
0.0414,24.8734,-0.4887,-0.0414,0.0044,0.047057
0.0458,24.8948,-0.4887,-0.0458,0.0044,0.047494
0.0501,24.9162,-0.5987,-0.0501,0.0043,0.047778
0.0542,24.9374,-0.7087,-0.0542,0.0041,0.048103
0.0581,24.9586,-0.8162,-0.0581,0.0039,0.048368
0.0619,24.9797,-0.9187,-0.0619,0.0038,0.048571
0.0654,25.0008,-1.0162,-0.0654,0.0035,0.048711
0.0686,25.0217,-1.1112,-0.0686,0.0032,0.048785
0.0716,25.0426,-1.1987,-0.0716,0.003,0.048793
0.0742,25.0635,-1.2787,-0.0742,0.0026,0.048733
0.0742,25.0635,-1.2787,-0.0742,0,0.048583
0.0765,25.0842,-1.4187,-0.0765,0.0023,0.048284
0.0785,25.105,-1.4187,-0.0785,0.002,0.047925
0.08,25.1257,-1.4762,-0.08,0.0015,0.047581
0.0812,25.1464,-1.5262,-0.0812,0.0012,0.047175
0.082,25.1671,-1.5637,-0.082,0.0008,0.046708
0.0823,25.1877,-1.5937,-0.0823,0.0003,0.046182
0.0823,25.1877,-1.5937,-0.0823,0,0.0456
0.0822,25.2083,-1.6212,-0.0822,-0.0001,0.044968
0.0817,25.2289,-1.6212,-0.0817,-0.0005,0.044331
0.0793,25.2701,-1.6187,-0.0793,-0.0024,0.043628
0.0774,25.2906,-1.6062,-0.0774,-0.0019,0.042873
0.0774,25.2906,-1.6062,-0.0774,0,0.042092
0.0751,25.3112,-1.4987,-0.0751,-0.0023,0.04127
0.0724,25.3318,-1.4987,-0.0724,-0.0027,0.040412
0.0692,25.3523,-1.4412,-0.0692,-0.0032,0.039522
0.0657,25.3729,-1.3737,-0.0657,-0.0035,0.038596
0.0617,25.3934,-1.2937,-0.0617,-0.004,0.037638
0.0574,25.414,-1.2062,-0.0574,-0.0043,0.036653
0.0527,25.4345,-1.1062,-0.0527,-0.0047,0.035646
0.0477,25.4549,-0.9987,-0.0477,-0.005,0.034589
0.0424,25.4754,-0.8812,-0.0424,-0.0053,0.033513
0.0424,25.4754,-0.8812,-0.0424,0,0.032479
0.0368,25.4958,-0.6237,-0.0368,-0.0056,0.031498
0.031,25.5161,-0.6237,-0.031,-0.0058,0.030527
0.025,25.5364,-0.4837,-0.025,-0.006,0.02957
0.0189,25.5566,-0.3387,-0.0189,-0.0061,0.028552
0.0126,25.5767,-0.1887,-0.0126,-0.0063,0.027553
0.0062,25.5968,-0.0362,-0.0062,-0.0064,0.026578
0.0062,25.5968,-0.0362,-0.0062,0,0.025698
-0.0002,25.6167,0.2813,0.0002,-0.0064,0.024855
-0.0065,25.6365,0.2813,0.0065,-0.0063,0.024047
-0.0125,25.6564,0.4413,0.0125,-0.006,0.023269
-0.0176,25.676,0.5988,0.0176,-0.0051,0.022522
-0.0176,25.676,0.5988,0.0176,0,0.021844
-0.023,25.6955,0.8763,0.023,-0.0054,0.021183
-0.03,25.7149,0.8763,0.03,-0.007,0.020518
-0.0351,25.7344,1.0113,0.0351,-0.0051,0.019857
-0.0271,25.7536,1.1863,0.0271,0.008,0.01932
-0.0208,25.7729,1.3138,0.0208,0.0063,0.018881
-0.0208,25.7729,1.3138,0.0208,0,0.018469
-0.0101,25.8119,0.9563,0.0101,0.0107,0.018164
-0.0101,25.8119,0.9563,0.0101,0,0.017887
-0.004,25.8314,0.6888,0.004,0.0061,0.0177
0.0092,25.8704,0.6888,-0.0092,0.0132,0.017674
0.0092,25.8704,0.6888,-0.0092,0,0.017678
0.0159,25.89,0.2063,-0.0159,0.0067,0.017779
0.0227,25.9094,0.2063,-0.0227,0.0068,0.017979
0.0295,25.9288,0.0388,-0.0295,0.0068,0.018247
0.0364,25.9481,-0.1312,-0.0364,0.0069,0.018614
0.0431,25.9673,-0.3012,-0.0431,0.0067,0.019078
0.0431,25.9673,-0.3012,-0.0431,0,0.019571
0.0562,26.0053,-0.6412,-0.0562,0.0131,0.020224
0.0562,26.0053,-0.6412,-0.0562,0,0.020905
0.0624,26.0241,-0.9687,-0.0624,0.0062,0.021648
0.0684,26.0428,-0.9687,-0.0684,0.006,0.022477
0.0741,26.0616,-1.1237,-0.0741,0.0057,0.023388
0.0795,26.0801,-1.2737,-0.0795,0.0054,0.024376
0.0795,26.0801,-1.2737,-0.0795,0,0.025386
0.0845,26.0985,-1.5512,-0.0845,0.005,0.026465
0.0891,26.1168,-1.5512,-0.0891,0.0046,0.027608
0.0932,26.1352,-1.6762,-0.0932,0.0041,0.02882
0.0969,26.1534,-1.7912,-0.0969,0.0037,0.030079
0.0969,26.1534,-1.7912,-0.0969,0,0.031346
0.1,26.1715,-1.9862,-0.1,0.0031,0.032644
0.1025,26.1897,-1.9862,-0.1025,0.0025,0.033972
0.1045,26.2078,-2.0637,-0.1045,0.002,0.035321
0.1059,26.2259,-2.1262,-0.1059,0.0014,0.036683
0.1067,26.244,-2.1762,-0.1067,0.0008,0.038049
0.1068,26.2621,-2.2112,-0.1068,0.0001,0.039409
0.1063,26.2802,-2.2312,-0.1063,-0.0005,0.040741
0.1052,26.2983,-2.2337,-0.1052,-0.0011,0.042045
0.1033,26.3165,-2.2212,-0.1033,-0.0019,0.043289
0.1008,26.3347,-2.1937,-0.1008,-0.0025,0.044508
0.1008,26.3347,-2.1937,-0.1008,0,0.045701
0.0977,26.3529,-2.0837,-0.0977,-0.0031,0.046836
0.0939,26.3712,-2.0837,-0.0939,-0.0038,0.047902
0.0895,26.3895,-2.0062,-0.0895,-0.0044,0.048892
0.0845,26.4079,-1.9112,-0.0845,-0.005,0.049796
0.0789,26.4263,-1.8012,-0.0789,-0.0056,0.050644
0.0727,26.4447,-1.6762,-0.0727,-0.0062,0.051355
0.066,26.4631,-1.5362,-0.066,-0.0067,0.051958
0.0588,26.4815,-1.3812,-0.0588,-0.0072,0.052403
0.0512,26.4999,-1.2137,-0.0512,-0.0076,0.052727
0.0431,26.5182,-1.0337,-0.0431,-0.0081,0.05297
0.0431,26.5182,-1.0337,-0.0431,0,0.053168
0.0347,26.5365,-0.6412,-0.0347,-0.0084,0.053236
0.026,26.5546,-0.6412,-0.026,-0.0087,0.053172
0.017,26.5728,-0.4312,-0.017,-0.009,0.052972
0.0079,26.5908,-0.2137,-0.0079,-0.0091,0.052681
-0.0014,26.6087,0.0113,0.0014,-0.0093,0.052253
-0.0107,26.6264,0.2388,0.0107,-0.0093,0.051688
-0.02,26.644,0.4713,0.02,-0.0093,0.050987
-0.02,26.644,0.4713,0.02,0,0.050245
-0.0292,26.6612,0.9363,0.0292,-0.0092,0.049372
-0.0383,26.6784,0.9363,0.0383,-0.0091,0.04837
-0.0471,26.6955,1.1663,0.0471,-0.0088,0.047245
-0.0471,26.6955,1.1663,0.0471,0,0.046088
-0.0556,26.7121,1.6138,0.0556,-0.0085,0.044816
-0.0637,26.7287,1.6138,0.0637,-0.0081,0.043437
-0.0714,26.7454,1.8263,0.0714,-0.0077,0.041981
-0.0785,26.7617,2.0288,0.0785,-0.0071,0.040431
-0.0852,26.778,2.2213,0.0852,-0.0067,0.038794
-0.0912,26.7942,2.3988,0.0912,-0.006,0.037082
-0.0965,26.8102,2.5663,0.0965,-0.0053,0.035305
-0.0965,26.8102,2.5663,0.0965,0,0.03352
-0.101,26.826,2.8488,0.101,-0.0045,0.031687
-0.1048,26.8418,2.8488,0.1048,-0.0038,0.029816
-0.1077,26.8578,2.9613,0.1077,-0.0029,0.027917
-0.1077,26.8578,2.9613,0.1077,0,0.026023
-0.1098,26.8736,3.1288,0.1098,-0.0021,0.024132
-0.1109,26.8895,3.1288,0.1109,-0.0011,0.022249
-0.1111,26.9055,3.1813,0.1111,-0.0002,0.020364
-0.1104,26.9216,3.2088,0.1104,0.0007,0.018509
-0.1087,26.9378,3.2138,0.1087,0.0017,0.016698
-0.106,26.9542,3.1963,0.106,0.0027,0.014946
-0.106,26.9542,3.1963,0.106,0,0.013229
-0.1024,26.9707,3.0863,0.1024,0.0036,0.011588
-0.0978,26.9873,3.0863,0.0978,0.0046,0.010036
-0.0922,27.004,2.9963,0.0922,0.0056,0.008587
-0.0857,27.0208,2.8813,0.0857,0.0065,0.007253
-0.0783,27.0378,2.7413,0.0783,0.0074,0.006046
-0.0783,27.0378,2.7413,0.0783,0,0.004839
-0.07,27.055,2.3938,0.07,0.0083,0.003771
-0.0402,27.1062,2.3938,0.0402,0.0298,0.003059
-0.0402,27.1062,2.3938,0.0402,0,0.002407
-0.0288,27.1235,1.4413,0.0288,0.0114,0.00193
-0.0168,27.1406,1.4413,0.0168,0.012,0.001636
-0.0043,27.1578,1.1563,0.0043,0.0125,0.001531
0.0087,27.1748,0.8563,-0.0087,0.013,0.001556
0.0221,27.1917,0.5438,-0.0221,0.0134,0.001779
0.1077,27.2914,0.2188,-0.1077,0.0856,0.002921
0.1532,27.3407,-0.1162,-0.1532,0.0455,0.004578
0.168,27.3547,-2.2562,-0.168,0.0148,0.006434
0.182,27.365,-3.3937,-0.182,0.014,0.00843
0.1963,27.375,-3.7637,-0.1963,0.0143,0.010623
0.1963,27.375,-3.7637,-0.1963,0,0.012886
0.2114,27.3837,-4.4712,-0.2114,0.0151,0.015351
0.2278,27.393,-4.4712,-0.2278,0.0164,0.0179
0.2459,27.4028,-4.8487,-0.2459,0.0181,0.020567
0.2459,27.4028,-4.8487,-0.2459,0,0.023234
0.2643,27.4099,-5.7112,-0.2643,0.0184,0.025978
0.2783,27.4179,-5.7112,-0.2783,0.014,0.028862
0.2953,27.426,-6.1712,-0.2953,0.017,0.031855
0.3139,27.4331,-6.5212,-0.3139,0.0186,0.034902
0.3329,27.4401,-6.9462,-0.3329,0.019,0.038139
0.3497,27.4459,-7.4112,-0.3497,0.0168,0.041477
0.3497,27.4459,-7.4112,-0.3497,0,0.044747
0.364,27.449,-8.3062,-0.364,0.0143,0.048092
0.3757,27.4528,-8.3062,-0.3757,0.0117,0.051485
0.3847,27.4576,-8.6637,-0.3847,0.009,0.054901
0.3909,27.4615,-8.9562,-0.3909,0.0062,0.058379
0.3909,27.4615,-8.9562,-0.3909,0,0.061726
0.394,27.4656,-9.3362,-0.394,0.0031,0.065104
0.3941,27.4705,-9.3362,-0.3941,0.0001,0.068421
0.3912,27.477,-9.4137,-0.3912,-0.0029,0.071649
0.3851,27.4842,-9.4162,-0.3851,-0.0061,0.074759
0.376,27.493,-9.3437,-0.376,-0.0091,0.077724
0.376,27.493,-9.3437,-0.376,0,0.080689
0.3487,27.5157,-8.9637,-0.3487,-0.0273,0.083331
0.3487,27.5157,-8.9637,-0.3487,0,0.085927
0.3306,27.5297,-8.2812,-0.3306,-0.0181,0.088301
0.3097,27.5442,-8.2812,-0.3097,-0.0209,0.090429
0.286,27.5596,-7.8287,-0.286,-0.0237,0.09232
0.2597,27.5764,-7.3062,-0.2597,-0.0263,0.093917
0.2597,27.5764,-7.3062,-0.2597,0,0.095489
0.231,27.595,-6.0562,-0.231,-0.0287,0.096754
0.1999,27.613,-6.0562,-0.1999,-0.0311,0.097694
0.1667,27.6317,-5.3387,-0.1667,-0.0332,0.098294
0.1315,27.6503,-4.5612,-0.1315,-0.0352,0.098541
0.0947,27.6689,-3.7312,-0.0947,-0.0368,0.098425
0.0563,27.6866,-2.8512,-0.0563,-0.0384,0.097936
0.0169,27.7034,-1.9312,-0.0169,-0.0394,0.097072
-0.0235,27.7185,-0.9712,0.0235,-0.0404,0.095829
-0.0643,27.7318,0.0138,0.0643,-0.0408,0.094178
-0.1054,27.7428,1.0238,0.1054,-0.0411,0.092147
-0.1054,27.7428,1.0238,0.1054,0,0.090154
-0.146,27.7475,3.0713,0.146,-0.0406,0.087799
-0.1861,27.7512,3.0713,0.1861,-0.0401,0.085093
-0.2255,27.7561,4.0863,0.2255,-0.0394,0.082049
-0.2637,27.7553,5.0888,0.2637,-0.0382,0.078685
-0.2637,27.7553,5.0888,0.2637,0,0.075388
-0.3001,27.7484,7.0288,0.3001,-0.0364,0.071799
-0.3347,27.7406,7.0288,0.3347,-0.0346,0.06794
-0.3672,27.7353,7.9388,0.3672,-0.0325,0.063837
-0.3973,27.7243,8.8038,0.3973,-0.0301,0.059433
-0.4247,27.7137,9.6163,0.4247,-0.0274,0.054839
-0.4703,27.6908,10.3688,0.4703,-0.0456,0.049876
-0.4703,27.6908,10.3688,0.4703,0,0.045003
-0.488,27.6736,12.1938,0.488,-0.0177,0.040044
-0.5019,27.6565,12.1938,0.5019,-0.0139,0.035039
-0.512,27.6442,12.6363,0.512,-0.0101,0.030026
-0.512,27.6442,12.6363,0.512,0,0.025106
-0.518,27.6287,13.2363,0.518,-0.006,0.020126
-0.5198,27.618,13.2363,0.5198,-0.0018,0.01522
-0.5173,27.6095,13.3863,0.5173,0.0025,0.01043
-0.5105,27.6038,13.4313,0.5105,0.0068,0.005796
-0.4994,27.601,13.3688,0.4994,0.0111,0.001273
-0.484,27.6016,13.1988,0.484,0.0154,-0.003011
-0.484,27.6016,13.1988,0.484,0,-0.007214
-0.4644,27.6076,12.5363,0.4644,0.0196,-0.011144
-0.4406,27.6151,12.5363,0.4406,0.0238,-0.014765
-0.4127,27.6252,12.0463,0.4127,0.0279,-0.01804
-0.3808,27.6387,11.4513,0.3808,0.0319,-0.020936
-0.3808,27.6387,11.4513,0.3808,0,-0.023779
-0.3454,27.6568,9.9563,0.3454,0.0354,-0.026268
-0.3064,27.6748,9.9563,0.3064,0.039,-0.028322
-0.2639,27.6943,9.0713,0.2639,0.0425,-0.029913
-0.2184,27.715,8.0963,0.2184,0.0455,-0.03102
-0.17,27.7364,7.0338,0.17,0.0484,-0.031643
-0.119,27.7576,5.8963,0.119,0.051,-0.031735
-0.119,27.7576,5.8963,0.119,0,-0.031816
-0.0664,27.7769,3.4113,0.0664,0.0526,-0.031369
-0.0119,27.7933,3.4113,0.0119,0.0545,-0.030384
0.0438,27.811,2.0963,-0.0438,0.0557,-0.028859
0.1005,27.8226,0.7338,-0.1005,0.0567,-0.026794
0.1577,27.8322,-0.6587,-0.1577,0.0572,-0.024157
0.1577,27.8322,-0.6587,-0.1577,0,-0.021556
0.2145,27.8295,-3.5062,-0.2145,0.0568,-0.018433
0.2708,27.8252,-3.5062,-0.2708,0.0563,-0.014803
0.3262,27.8224,-4.9262,-0.3262,0.0554,-0.010684
0.3803,27.8097,-6.3337,-0.3803,0.0541,-0.006098
0.4326,27.7946,-7.7187,-0.4326,0.0523,-0.000989
0.4326,27.7946,-7.7187,-0.4326,0,0.004037
0.4824,27.7646,-10.3787,-0.4824,0.0498,0.009263
0.5296,27.7343,-10.3787,-0.5296,0.0472,0.014961
0.5736,27.7072,-11.6237,-0.5736,0.044,0.020985
0.6148,27.671,-12.8037,-0.6148,0.0412,0.027301
0.6531,27.6347,-13.9037,-0.6531,0.0383,0.033875
0.6531,27.6347,-13.9037,-0.6531,0,0.040319
0.6881,27.5872,-15.8912,-0.6881,0.035,0.046979
0.7201,27.5418,-15.8912,-0.7201,0.032,0.053103
0.7473,27.5004,-16.7662,-0.7473,0.0272,0.059044
0.7707,27.4544,-17.5662,-0.7707,0.0234,0.065071
0.7707,27.4544,-17.5662,-0.7707,0,0.070958
0.7898,27.4066,-18.8312,-0.7898,0.0191,0.076893
0.8042,27.3607,-18.8312,-0.8042,0.0144,0.082972
0.8128,27.3216,-19.3087,-0.8128,0.0086,0.088986
0.8152,27.2819,-19.6687,-0.8152,0.0024,0.09486
0.8114,27.2485,-19.8837,-0.8114,-0.0038,0.100515
0.8012,27.2184,-19.9437,-0.8012,-0.0102,0.106068
0.8012,27.2184,-19.9437,-0.8012,0,0.111437
0.7848,27.1981,-19.5937,-0.7848,-0.0164,0.116502
0.7621,27.1815,-19.5937,-0.7621,-0.0227,0.12117
0.7331,27.172,-19.1837,-0.7331,-0.029,0.125362
0.698,27.1699,-18.6162,-0.698,-0.0351,0.129013
0.698,27.1699,-18.6162,-0.698,0,0.132496
0.6573,27.1805,-17.0137,-0.6573,-0.0407,0.135572
0.611,27.192,-17.0137,-0.611,-0.0463,0.138042
0.5592,27.2083,-15.9962,-0.5592,-0.0518,0.139877
0.5023,27.2299,-14.8387,-0.5023,-0.0569,0.141053
0.4406,27.2551,-13.5437,-0.4406,-0.0617,0.14155
0.4406,27.2551,-13.5437,-0.4406,0,0.142047
0.375,27.2862,-10.5787,-0.375,-0.0656,0.141857
0.3054,27.3129,-10.5787,-0.3054,-0.0696,0.14097
0.2323,27.3432,-8.9387,-0.2323,-0.0731,0.139381
0.1562,27.3687,-7.1987,-0.1562,-0.0761,0.137092
0.0777,27.3932,-5.3712,-0.0777,-0.0785,0.134109
0.0777,27.3932,-5.3712,-0.0777,0,0.131126
-0.0021,27.4044,-1.5062,0.0021,-0.0798,0.127618
-0.0832,27.4105,-1.5062,0.0832,-0.0811,0.123299
-0.165,27.4193,0.4888,0.165,-0.0818,0.118343
-0.247,27.4118,2.5163,0.247,-0.082,0.112776
-0.3285,27.4008,4.5613,0.3285,-0.0815,0.106631
-0.4091,27.3764,6.6113,0.4091,-0.0806,0.099943
-0.4091,27.3764,6.6113,0.4091,0,0.093255
-0.4882,27.3407,10.6638,0.4882,-0.0791,0.086063
-0.5653,27.2886,10.6638,0.5653,-0.0771,0.078411
-0.64,27.2486,12.6413,0.64,-0.0747,0.070344
-0.7119,27.1847,14.5688,0.7119,-0.0719,0.06191
-0.7119,27.1847,14.5688,0.7119,0,0.053844
-0.7804,27.1226,18.2338,0.7804,-0.0685,0.045477
-0.8451,27.0347,18.2338,0.8451,-0.0647,0.036857
-0.9058,26.9714,19.9463,0.9058,-0.0607,0.028034
-0.962,26.8811,21.5638,0.962,-0.0562,0.019057
-1.0133,26.8041,23.0813,0.962635,-0.0513,0.009978
-1.0596,26.7111,24.4863,1.00662,-0.0463,0.000436
-1.1003,26.6249,24.5022,1.04529,-0.0407,-0.009107
-1.1352,26.5384,25,1.07844,-0.0349,-0.018598
-1.1639,26.4543,25,1.1057,-0.0287,-0.027982
-1.186,26.3746,25,1.1267,-0.0221,-0.037205
-1.186,26.3746,25,1.1267,0,-0.046428
-1.2014,26.2996,25,1.14133,-0.0154,-0.055441
-1.2097,26.2313,25,1.14921,-0.0083,-0.064191
-1.2109,26.1698,25,1.15036,-0.0012,-0.072628
-1.2047,26.1163,25,1.14447,0.0062,-0.080702
-1.1912,26.069,25,1.13164,0.0135,-0.088367
-1.1702,26.0288,25,1.11169,0.021,-0.095366
-1.1059,25.9656,25,1.05061,0.0643,-0.101722
-1.0627,25.9414,25,1.00956,0.0432,-0.107469
-1.012,25.9214,25,0.9614,0.0507,-0.11257
-1.012,25.9214,25,0.9614,0,-0.11757
-0.9541,25.909,24.4713,0.9541,0.0579,-0.121991
-0.8889,25.8982,24.4713,0.8889,0.0652,-0.1257
-0.8166,25.8909,24.2888,0.8166,0.0723,-0.128668
-0.7377,25.8997,22.6588,0.7377,0.0789,-0.130872
-0.6525,25.9227,20.8513,0.6525,0.0852,-0.132292
-0.5617,25.9556,18.8788,0.5617,0.0908,-0.132915
-0.4659,25.9951,16.7488,0.4659,0.0958,-0.132734
-0.3656,26.0365,14.4788,0.3656,0.1003,-0.13155
-0.2614,26.077,12.0838,0.2614,0.1042,-0.12952
-0.154,26.1126,9.5763,0.154,0.1074,-0.126654
-0.0442,26.1409,6.9713,0.0442,0.1098,-0.122969
-0.0442,26.1409,6.9713,0.0442,0,-0.119603
0.0673,26.1507,1.5413,-0.0673,0.1115,-0.115122
0.18,26.1435,1.5413,-0.18,0.1127,-0.109868
0.2935,26.1489,-1.2462,-0.2935,0.1135,-0.103869
0.4073,26.1223,-4.0637,-0.4073,0.1138,-0.097157
0.521,26.1005,-6.9012,-0.521,0.1137,-0.089763
0.634,26.0509,-9.7462,-0.634,0.113,-0.081723
0.746,26.0022,-12.5887,-0.746,0.112,-0.073073
0.8565,25.9286,-15.4137,-0.8565,0.1105,-0.063318
0.9654,25.863,-18.2137,-0.9654,0.1089,-0.053
1.0735,25.7751,-20.9762,-1.01982,0.1081,-0.042146
1.0735,25.7751,-20.9762,-1.01982,0,-0.031849
-1.617,25.7041,-25,1.53615,-2.6905,-0.049024
-1.4811,25.5845,-25,1.40705,0.1359,-0.065412
1.446,25.5459,25,-1.3737,2.9271,-0.052529
1.5142,25.3897,25,-1.43849,0.0682,-0.039532
1.5142,25.3897,25,-1.43849,0,-0.027098
1.6262,25.346,-25,-1.54489,0.112,-0.014098
1.7371,25.2087,-25,-1.65024,0.1109,-0.00053
1.8464,25.1599,-25,-1.75408,0.1093,0.013608
1.9534,25.0295,-25,-1.85573,0.107,0.028816
2.0579,24.9734,-25,-1.955,0.1045,0.044571
2.1592,24.8517,-25,-2.05124,0.1013,0.060867
2.257,24.7886,-25,-2.14415,0.0978,0.077701
2.35,24.6695,-25,-2.2325,0.093,0.095053
2.4378,24.597,-25,-2.31591,0.0878,0.1129
2.52,24.4798,-25,-2.394,0.0822,0.131569
2.52,24.4798,-25,-2.394,0,0.149888
2.5964,24.4159,-25,-2.46658,0.0764,0.168651
2.6667,24.3156,-25,-2.53336,0.0703,0.187845
2.7307,24.2619,-25,-2.59416,0.064,0.207445
2.7883,24.1863,-25,-2.64888,0.0576,0.227621
2.8395,24.1459,-25,-2.69753,0.0512,0.248118
2.8842,24.0941,-25,-2.73999,0.0447,0.268918
2.8842,24.0941,-25,-2.73999,0,0.289632
2.9223,24.0664,-25,-2.77618,0.0381,0.310703
2.9539,24.033,-25,-2.8062,0.0316,0.332128
2.9789,24.0152,-25,-2.82995,0.025,0.353905
2.9973,23.9944,-25,-2.84743,0.0184,0.375866
2.9973,23.9944,-25,-2.84743,0,0.397991
3.009,23.9842,-25,-2.85855,0.0117,0.42046
3.0141,23.9722,-25,-2.86339,0.0051,0.44327
3.0126,23.9678,-25,-2.86197,-0.0015,0.466416
3.0043,23.9639,-25,-2.85408,-0.0083,0.489479
2.9893,23.9635,-25,-2.83983,-0.015,0.512799
2.9893,23.9635,-25,-2.83983,0,0.536582
2.9677,23.9627,-25,-2.81931,-0.0216,0.560667
2.9395,23.9663,-25,-2.79252,-0.0282,0.585039
2.9047,23.9684,-25,-2.75947,-0.0348,0.60968
2.8633,23.9747,-25,-2.72013,-0.0414,0.633907
2.8154,23.9793,-25,-2.67463,-0.0479,0.658311
2.8154,23.9793,-25,-2.67463,0,0.683411
2.7611,23.9875,-25,-2.62304,-0.0543,0.708699
2.7002,23.9915,-25,-2.56519,-0.0609,0.734139
2.6329,23.9984,-25,-2.50125,-0.0673,0.759691
2.5592,24.0031,-25,-2.43124,-0.0737,0.784506
2.4792,24.0134,-25,-2.35524,-0.08,0.809319
2.393,24.019,-25,-2.27335,-0.0862,0.834081
2.3006,24.0318,-25,-2.18557,-0.0924,0.858737
2.3006,24.0318,-25,-2.18557,0,0.884213
2.2021,24.0389,-25,-2.092,-0.0985,0.909519
2.0977,24.0522,-25,-1.99282,-0.1044,0.934587
1.9874,24.0582,-25,-1.88803,-0.1103,0.958552
1.9874,24.0582,-25,-1.88803,0,0.983308
1.8714,24.0732,-25,-1.77783,-0.116,1.00767
1.7498,24.0785,-25,-1.66231,-0.1216,1.03157
1.6225,24.094,-25,-1.54137,-0.1273,1.05492
1.4899,24.0969,-25,-1.41541,-0.1326,1.07693
1.3518,24.1105,-25,-1.28421,-0.1381,1.09826
1.2086,24.1083,-25,-1.14817,-0.1432,1.11879
0.9071,24.1207,-25,-0.9071,-0.3015,1.13692
0.9071,24.1207,-25,-0.9071,0,1.15561
0.7495,24.1667,-22.2412,-0.7495,-0.1576,1.17324
0.5878,24.1751,-22.2412,-0.5878,-0.1617,1.18972
0.4223,24.2443,-18.3012,-0.4223,-0.1655,1.20494
0.4223,24.2443,-18.3012,-0.4223,0,1.22052
0.2549,24.2644,-10.1212,-0.2549,-0.1674,1.23471
0.0852,24.3168,-10.1212,-0.0852,-0.1697,1.24742
-0.0857,24.3305,-5.9362,0.0857,-0.1709,1.25842
-0.2576,24.347,-1.6937,0.2576,-0.1719,1.26786
-0.2576,24.347,-1.6937,0.2576,0,1.27738
-0.6026,24.263,6.8763,0.6026,-0.345,1.28346
-0.6026,24.263,6.8763,0.6026,0,1.28948
-0.7755,24.2586,15.5013,0.7755,-0.1729,1.29364
-0.9476,24.1065,15.5013,0.9476,-0.1721,1.29587
-1.1198,24.1466,19.8238,1.06381,-0.1722,1.29573
-1.1198,24.1466,19.8238,1.06381,0,1.29516
-1.4617,23.972,25,1.38861,-0.3419,1.29066
-1.4617,23.972,25,1.38861,0,1.28616
-1.6309,23.7486,25,1.54936,-0.1692,1.27939
-1.7996,23.7883,25,1.70962,-0.1687,1.27029
-1.9663,23.5825,25,1.86798,-0.1667,1.25879
-1.9663,23.5825,25,1.86798,0,1.2465
-2.1318,23.6133,25,2.02521,-0.1655,1.23171
-2.2943,23.3393,25,2.17958,-0.1625,1.21439
-2.4556,23.4117,25,2.33282,-0.1613,1.19449
-2.6135,23.1565,25,2.48283,-0.1579,1.17201
-2.7695,23.2208,25,2.63102,-0.156,1.14693
-2.922,22.9868,25,2.7759,-0.1525,1.11925
-2.922,22.9868,25,2.7759,0,1.09047
-3.0712,23.0142,25,2.91764,-0.1492,1.0602
-3.2131,22.4766,25,3.05244,-0.1419,1.0274
-3.3502,22.5228,25,3.18269,-0.1371,0.992094
-3.605,22.2613,25,3.42475,-0.2548,0.953109
-3.7215,21.4027,25,3.53542,-0.1165,0.911821
-3.949,21.9165,25,3.75155,-0.2275,0.867121
-4.0596,21.4906,25,3.85662,-0.1106,0.820185
-4.1708,21.6378,25,3.96226,-0.1112,0.771017
-4.1708,21.6378,25,3.96226,0,0.720744
-4.2823,21.7511,25,4.06818,-0.1115,0.668267
-4.3924,21.542,25,4.17278,-0.1101,0.613608
-4.5027,21.6091,25,4.27757,-0.1103,0.557846
-4.6123,21.5537,25,4.38169,-0.1096,0.527893
-4.6123,21.5537,25,4.38169,0,0.496581
-4.7206,21.5758,25,4.48457,-0.1083,0.434915
-4.8051,21.786,25,4.56485,-0.0845,0.371722
-4.8847,21.5404,25,4.64046,-0.0796,0.307733
-4.9598,21.3813,25,4.71181,-0.0751,0.241873
-5.0314,21.7184,25,4.77983,-0.0716,0.174188
-5.0972,21.4605,25,4.84234,-0.0658,0.104752
-5.157,21.4488,25,4.89915,-0.0598,0.033648
-5.157,21.4488,25,4.89915,0,-0.038501
-5.2113,21.3716,25,4.95073,-0.0543,-0.112206
-5.26,21.4519,25,4.997,-0.0487,-0.187376
-5.3046,21.2622,25,5.03937,-0.0446,-0.263922
-5.3046,21.2622,25,5.03937,0,-0.341346
-5.3441,21.0366,25,5.07689,-0.0395,-0.419987
-5.379,21.2344,25,5.11005,-0.0349,-0.498977
-5.4096,21.0243,25,5.13912,-0.0306,-0.579037
-5.4358,21.0689,25,5.16401,-0.0262,-0.660062
-5.4579,20.9937,25,5.18501,-0.0221,-0.741948
-5.4579,20.9937,25,5.18501,0,-0.82441
-5.4759,20.9861,25,5.2021,-0.018,-0.907564
-5.4899,20.98,25,5.2154,-0.014,-0.991305
-5.5,20.9886,25,5.225,-0.0101,-1.07515
-5.5061,20.9933,25,5.23079,-0.0061,-1.15943
-5.5121,21.0088,25,5.23649,-0.006,-1.24409
-5.5182,21.035,25,5.24229,-0.0061,-1.32906
-5.5182,21.035,25,5.24229,0,-1.41422
-5.5347,19.8518,25,5.25796,-0.0165,-1.49954
-5.5553,19.6536,25,5.27753,-0.0206,-1.58518
-5.5778,19.434,25,5.29891,-0.0225,-1.6711
-5.6013,19.2487,25,5.32123,-0.0235,-1.75724
-5.6013,19.2487,25,5.32123,0,-1.84329
-5.6266,13.5891,25,5.34527,-0.0253,-1.92945
-5.6266,13.5891,25,5.34527,0,-2.01561
-5.6341,13.1951,25,5.35239,-0.0075,-2.10163
-5.6381,12.6838,25,5.35619,-0.004,-2.18741
-5.6383,12.0758,25,5.35638,-0.0002,-2.27284
-5.6354,11.3856,25,5.35363,0.0029,-2.35782
-5.6296,10.8049,25,5.34812,0.0058,-2.44227
-5.6296,10.8049,25,5.34812,0,-2.52672
-5.6218,10.2397,25,5.34071,0.0078,-2.61055
-5.6129,9.914,25,5.33225,0.0089,-2.69368
-5.6039,9.5889,25,5.32371,0.009,-2.77605
-5.594,9.3575,25,5.3143,0.0099,-2.85758
-5.594,9.3575,25,5.3143,0,-2.93831
-5.5849,9.0746,25,5.30565,0.0091,-3.01809
-5.5764,8.8259,25,5.29758,0.0085,-3.09686
-5.5687,8.5823,25,5.29026,0.0077,-3.17556
-5.5619,8.2478,25,5.2838,0.0068,-3.2532
-5.5554,7.8113,25,5.27763,0.0065,-3.32973
-5.5554,7.8113,25,5.27763,0,-3.40516
-5.5501,7.2329,25,5.27259,0.0053,-3.48053
-5.5457,6.7337,25,5.26842,0.0044,-3.5547
-5.5422,6.2555,25,5.26509,0.0035,-3.62762
-5.5398,5.8127,25,5.26281,0.0024,-3.69924
-5.5398,5.8127,25,5.26281,0,-3.76954
-5.5387,5.3847,25,5.26177,0.0011,-3.83845
-5.5386,4.9628,25,5.26167,0.0001,-3.90592
-5.5398,4.5479,25,5.26281,-0.0012,-3.97039
-5.5455,3.7496,25,5.26822,-0.0057,-4.03491
-5.55,3.3625,25,5.2725,-0.0045,-4.09791
-5.55,3.3625,25,5.2725,0,-4.15929
-5.5615,2.6254,25,5.28342,-0.0115,-4.21913
-5.5615,2.6254,25,5.28342,0,-4.27896
-5.5683,2.2747,25,5.28988,-0.0068,-4.3372
-5.5755,1.9359,25,5.29672,-0.0072,-4.3938
-5.5755,1.9359,25,5.29672,0,-4.4487
-5.5828,1.6205,25,5.30366,-0.0073,-4.50195
-5.5897,1.3134,25,5.31021,-0.0069,-4.55527
-5.5962,1.0491,25,5.31639,-0.0065,-4.60521
-5.6006,0.6886,25,5.32057,-0.0044,-4.65519
-5.6036,0.4567,25,5.32342,-0.003,-4.70347
-5.6061,0.3913,25,5.32579,-0.0025,-4.75006
-5.6087,0.4183,25,5.32826,-0.0026,-4.79494
-5.6116,0.454,25,5.33102,-0.0029,-4.83986
-5.6146,0.4636,25,5.33387,-0.003,-4.88139
-5.618,0.5171,25,5.3371,-0.0034,-4.92295
-5.618,0.5171,25,5.3371,0,-4.96283
-5.6214,0.5121,25,5.34033,-0.0034,-5.00104
-5.6253,0.5148,25,5.34403,-0.0039,-5.03763
-5.6293,0.5129,25,5.34783,-0.004,-5.07426
-5.6335,0.5187,25,5.35182,-0.0042,-5.10928
-5.6422,0.5503,25,5.36009,-0.0087,-5.14276
-5.6468,0.5623,25,5.36446,-0.0046,-5.17467
-5.6515,0.5778,25,5.36892,-0.0047,-5.20505
-5.6564,0.5966,25,5.37358,-0.0049,-5.23392
-5.6614,0.6049,25,5.37833,-0.005,-5.26131
-5.6614,0.6049,25,5.37833,0,-5.28871
-5.6665,0.6153,25,5.38317,-0.0051,-5.31466
-5.6718,0.6243,25,5.38821,-0.0053,-5.33925
-5.677,0.5953,25,5.39315,-0.0052,-5.36252
-5.681,0.4479,25,5.39695,-0.004,-5.38328
-5.6825,0.2068,25,5.39837,-0.0015,-5.40289
-5.6833,0.3126,25,5.39913,-0.0008,-5.42023
-5.6834,0.46,25,5.39923,-0.0001,-5.43647
-5.6834,0.46,25,5.39923,0,-5.45159
-5.6836,0.4545,25,5.39942,-0.0002,-5.46672
-5.6834,0.406,25,5.39923,0.0002,-5.48073
-5.6829,0.2423,25,5.39875,0.0005,-5.49364
-5.6829,0.2423,25,5.39875,0,-5.50544
-5.6814,0.1825,25,5.39733,0.0015,-5.51613
-5.6794,0.2228,25,5.39543,0.002,-5.5268
-5.6774,0.2305,25,5.39353,0.002,-5.53637
-5.6753,0.2312,25,5.39154,0.0021,-5.54507
-5.6733,0.2232,25,5.38964,0.002,-5.55296
-5.6714,0.2198,25,5.38783,0.0019,-5.56007
-5.6696,0.2075,25,5.38612,0.0018,-5.56646
-5.6679,0.1985,25,5.3845,0.0017,-5.57216
-5.6664,0.1835,25,5.38308,0.0015,-5.57726
-5.6648,0.1764,25,5.38156,0.0016,-5.58233
-5.6634,0.1644,25,5.38023,0.0014,-5.58686
-5.6634,0.1644,25,5.38023,0,-5.59089
-5.6621,0.1508,25,5.37899,0.0013,-5.59446
-5.661,0.1294,25,5.37795,0.0011,-5.59803
-5.66,0.1224,25,5.377,0.001,-5.60119
-5.6591,0.1105,25,5.37614,0.0009,-5.60399
-5.6591,0.1105,25,5.37614,0,-5.60648
-5.6583,0.0962,25,5.37538,0.0008,-5.60871
-5.6576,0.0824,25,5.37472,0.0007,-5.61071
-5.657,0.0678,25,5.37415,0.0006,-5.6127
-5.6565,0.0525,25,5.37368,0.0005,-5.6145
-5.6562,0.0374,25,5.37339,0.0003,-5.61617
-5.656,0.0219,25,5.3732,0.0002,-5.61773
-5.656,0.0219,25,5.3732,0,-5.61922
-5.656,0.0066,25,5.3732,0,-5.62066
-5.656,0.009,25,5.3732,0,-5.62204
-5.6562,0.024,25,5.37339,-0.0002,-5.62342
-5.6566,0.0388,25,5.37377,-0.0004,-5.62464
-5.6566,0.0388,25,5.37377,0,-5.62565
-5.657,0.0534,25,5.37415,-0.0004,-5.62645
-5.6583,0.0807,25,5.37538,-0.0013,-5.62702
-5.6583,0.0807,25,5.37538,0,-5.62759
-5.6591,0.0934,25,5.37614,-0.0008,-5.62791
-5.66,0.1052,25,5.377,-0.0009,-5.62824
-5.661,0.1164,25,5.37795,-0.001,-5.62851
-5.661,0.1164,25,5.37795,0,-5.62874
-5.6621,0.1267,25,5.37899,-0.0011,-5.62898
-5.6632,0.1361,25,5.38004,-0.0011,-5.62926
-5.6645,0.1445,25,5.38128,-0.0013,-5.62961
-5.6658,0.164,25,5.38251,-0.0013,-5.62997
-5.6718,0.1853,25,5.38821,-0.006,-5.63047
-5.6764,0.1488,25,5.39258,-0.0046,-5.6311
-5.6777,0.0496,25,5.39381,-0.0013,-5.63184
-5.6775,0.032,25,5.39363,0.0002,-5.63268
-5.6775,0.032,25,5.39363,0,-5.63351
-5.6769,0.0604,25,5.39305,0.0006,-5.63443
-5.6762,0.0786,25,5.39239,0.0007,-5.63543
-5.6754,0.0904,25,5.39163,0.0008,-5.6365
-5.6746,0.0914,25,5.39087,0.0008,-5.63762
-5.6746,0.0914,25,5.39087,0,-5.63882
-5.6739,0.0848,25,5.3902,0.0007,-5.64
-5.6726,0.0693,25,5.38897,0.0013,-5.64123
-5.6721,0.0626,25,5.38849,0.0005,-5.64249
-5.6716,0.0546,25,5.38802,0.0005,-5.64378
-5.6712,0.0456,25,5.38764,0.0004,-5.6451
-5.6712,0.0456,25,5.38764,0,-5.64641
-5.6709,0.0362,25,5.38735,0.0003,-5.64773
-5.6707,0.0278,25,5.38716,0.0002,-5.64906
-5.6705,0.0183,25,5.38697,0.0002,-5.65036
-5.6705,0.0114,25,5.38697,0,-5.65161
-5.6705,0.0126,25,5.38697,0,-5.65282
-5.6705,0.0126,25,5.38697,0,-5.65402
-5.6706,0.0191,25,5.38707,-0.0001,-5.65511
-5.6708,0.0275,25,5.38726,-0.0002,-5.65621
-5.6711,0.0355,25,5.38754,-0.0003,-5.65723
-5.6719,0.0503,25,5.3883,-0.0008,-5.6582
-5.6724,0.0566,25,5.38878,-0.0005,-5.65917
-5.6729,0.0617,25,5.38926,-0.0005,-5.66007
-5.674,0.0683,25,5.3903,-0.0011,-5.66091
-5.6752,0.0643,25,5.39144,-0.0012,-5.6617
-5.6755,0.0395,25,5.39173,-0.0003,-5.66245
-5.6757,0.0152,25,5.39192,-0.0002,-5.66317
-5.6754,0.0256,25,5.39163,0.0003,-5.66386
-5.675,0.039,25,5.39125,0.0004,-5.66453
-5.6743,0.042,25,5.39058,0.0007,-5.66515
-5.6739,0.0427,25,5.3902,0.0004,-5.66575
-5.6736,0.0409,25,5.38992,0.0003,-5.6663
-5.6732,0.0386,25,5.38954,0.0004,-5.66686
-5.6729,0.035,25,5.38926,0.0003,-5.66737
-5.6729,0.035,25,5.38926,0,-5.66785
-5.6727,0.0308,25,5.38906,0.0002,-5.66828
-5.6722,0.0162,25,5.38859,0.0005,-5.66867
-5.672,0.0075,25,5.3884,0.0002,-5.66897
-5.672,0.0075,25,5.3884,0,-5.66922
-5.672,0.01,25,5.3884,0,-5.66942
-5.6724,0.0194,25,5.38878,-0.0004,-5.66958
-5.6725,0.0205,25,5.38887,-0.0001,-5.66969
-5.6727,0.0218,25,5.38906,-0.0002,-5.66981
-5.6729,0.0212,25,5.38926,-0.0002,-5.66987
-5.673,0.0211,25,5.38935,-0.0001,-5.66988
-5.6732,0.0197,25,5.38954,-0.0002,-5.66984
-5.6733,0.0187,25,5.38964,-0.0001,-5.66977
-5.6733,0.0187,25,5.38964,0,-5.66968
-5.6734,0.0162,25,5.38973,-0.0001,-5.66958
-5.6735,0.0141,25,5.38982,-0.0001,-5.66948
-5.6736,0.0116,25,5.38992,-0.0001,-5.66938
-5.6736,0.0095,25,5.38992,0,-5.66928
-5.6736,0.0095,25,5.38992,0,-5.66918
-5.6736,0.0065,25,5.38992,0,-5.66909
-5.6736,0.007,25,5.38992,0,-5.669
-5.6735,0.0099,25,5.38982,0.0001,-5.66892
-5.6734,0.0115,25,5.38973,0.0001,-5.66886
