cte,speed,angle,steer_value,cte_diff,cte_integ
0.7598,0,0,-0.07598,0,0.7598
0.7598,0.438,0,-0.07598,0,0.7598
0.7598,0.438,0,-0.07598,0,0.7598
0.7598,0.876,-1.4632,-0.07598,0,0.7598
0.7598,1.314,-1.4632,-0.07598,0,0.7598
0.7598,1.752,-1.4632,-0.07598,0,0.7598
0.7598,2.19,-1.4632,-0.07598,0,0.7598
0.7598,2.19,-1.4632,-0.07598,0,0.7598
0.7598,2.628,-1.4632,-0.07598,0,0.7598
0.7598,3.066,-1.4632,-0.07598,0,0.7598
0.7598,3.504,-1.4632,-0.07598,0,0.7598
0.7598,3.942,-1.4632,-0.07598,0,0.7598
0.7598,4.38,-1.4632,-0.07598,0,0.7598
0.7598,4.38,-1.4632,-0.07598,0,0.7598
0.7598,5.256,-1.4632,-0.07598,0,0.7598
0.7598,5.694,-1.4632,-0.07598,0,0.7598
0.7598,6.132,-1.4632,-0.07598,0,0.7598
0.7599,6.57,-1.4632,-0.07599,0.0001,0.759806
0.7599,6.57,-1.4632,-0.07599,0,0.759811
0.7599,6.7858,-1.4634,-0.07599,0,0.759815
0.7598,4.8684,-1.4634,-0.07598,-0.0001,0.759814
0.7598,3.1915,-1.4634,-0.07598,0,0.759814
0.7597,1.6861,-1.4632,-0.07597,-0.0001,0.759809
0.7597,0.4756,-1.4632,-0.07597,0,0.759804
0.7596,0.5874,-1.4629,-0.07596,-0.0001,0.759796
0.7596,0.5874,-1.4629,-0.07596,0,0.759788
0.7596,1.2267,-1.4627,-0.07596,0,0.759781
0.7595,1.6212,-1.4627,-0.07595,-0.0001,0.759771
0.7595,1.7652,-1.4627,-0.07595,0,0.759762
0.7594,1.7221,-1.4624,-0.07594,-0.0001,0.75975
0.7592,1.321,-1.4624,-0.07592,-0.0002,0.759732
0.759,1.0579,-1.4622,-0.0759,-0.0002,0.759709
0.759,1.0579,-1.4622,-0.0759,0,0.759688
0.7589,0.7964,-1.4612,-0.07589,-0.0001,0.759665
0.7588,0.6125,-1.4612,-0.07588,-0.0001,0.75964
0.7587,0.5092,-1.4609,-0.07587,-0.0001,0.759614
0.7587,0.5092,-1.4609,-0.07587,0,0.759589
0.7586,0.5307,-1.4604,-0.07586,-0.0001,0.759563
0.7583,0.66,-1.4604,-0.07583,-0.0003,0.759531
0.7581,0.6994,-1.4602,-0.07581,-0.0002,0.759495
0.758,0.7089,-1.4594,-0.0758,-0.0001,0.759459
0.7576,0.7586,-1.4589,-0.07576,-0.0004,0.759414
0.7576,0.7586,-1.4589,-0.07576,0,0.759372
0.7575,0.7689,-1.4577,-0.07575,-0.0001,0.75933
0.7573,0.7506,-1.4577,-0.07573,-0.0002,0.759284
0.7571,0.7751,-1.4574,-0.07571,-0.0002,0.759237
0.7571,0.7751,-1.4574,-0.07571,0,0.759191
0.7569,0.8295,-1.4564,-0.07569,-0.0002,0.759144
0.7567,0.855,-1.4564,-0.07567,-0.0002,0.759094
0.7564,0.917,-1.4559,-0.07564,-0.0003,0.75904
0.7562,0.9032,-1.4554,-0.07562,-0.0002,0.758984
0.7557,1.0378,-1.4547,-0.07557,-0.0005,0.758921
0.7555,1.0021,-1.4542,-0.07555,-0.0002,0.758857
0.7555,1.0021,-1.4542,-0.07555,0,0.758794
0.7552,1.102,-1.4524,-0.07552,-0.0003,0.758729
0.7549,1.0782,-1.4524,-0.07549,-0.0003,0.758661
0.7546,1.0903,-1.4517,-0.07546,-0.0003,0.758589
0.7546,1.0903,-1.4517,-0.07546,0,0.758521
0.7543,1.1862,-1.4502,-0.07543,-0.0003,0.758449
0.754,1.2104,-1.4502,-0.0754,-0.0003,0.758375
0.7537,1.202,-1.4494,-0.07537,-0.0003,0.758298
0.7534,1.2766,-1.4487,-0.07534,-0.0003,0.758219
0.7531,1.3227,-1.4479,-0.07531,-0.0003,0.758138
0.7527,1.3701,-1.4472,-0.07527,-0.0004,0.758053
0.7527,1.3701,-1.4472,-0.07527,0,0.757971
0.752,1.4309,-1.4454,-0.0752,-0.0007,0.75788
0.7516,1.4959,-1.4454,-0.07516,-0.0004,0.757787
0.7512,1.5537,-1.4437,-0.07512,-0.0004,0.75769
0.7503,1.6532,-1.4427,-0.07503,-0.0009,0.757583
0.7503,1.6532,-1.4427,-0.07503,0,0.757479
0.7499,1.6773,-1.4394,-0.07499,-0.0004,0.757372
0.7489,1.7852,-1.4394,-0.07489,-0.001,0.757254
0.7485,1.8314,-1.4384,-0.07485,-0.0004,0.757134
0.748,1.8876,-1.4359,-0.0748,-0.0005,0.757011
0.748,1.8876,-1.4359,-0.0748,0,0.756891
0.7474,1.941,-1.4337,-0.07474,-0.0006,0.756766
0.7469,1.9882,-1.4337,-0.07469,-0.0005,0.756638
0.7464,2.0505,-1.4322,-0.07464,-0.0005,0.756506
0.7458,2.0938,-1.4309,-0.07458,-0.0006,0.756371
0.7458,2.0938,-1.4309,-0.07458,0,0.756239
0.7452,2.167,-1.4282,-0.07452,-0.0006,0.756102
0.7446,2.2476,-1.4282,-0.07446,-0.0006,0.755962
0.7433,2.3585,-1.4267,-0.07433,-0.0013,0.75581
0.7426,2.4208,-1.4252,-0.07426,-0.0007,0.755652
0.7412,2.5632,-1.4219,-0.07412,-0.0014,0.755482
0.7404,2.6349,-1.4202,-0.07404,-0.0008,0.755307
0.7396,2.7033,-1.4167,-0.07396,-0.0008,0.755126
0.7388,2.7732,-1.4147,-0.07388,-0.0008,0.754941
0.7388,2.7732,-1.4147,-0.07388,0,0.75476
0.738,2.8419,-1.4107,-0.0738,-0.0008,0.754573
0.7372,2.9091,-1.4107,-0.07372,-0.0008,0.754382
0.7363,2.9815,-1.4087,-0.07363,-0.0009,0.754186
0.7354,3.0661,-1.4067,-0.07354,-0.0009,0.753984
0.7354,3.0661,-1.4067,-0.07354,0,0.753786
0.7345,3.1319,-1.4022,-0.07345,-0.0009,0.753583
0.7325,3.2649,-1.4022,-0.07325,-0.002,0.753364
0.7315,3.3313,-1.3999,-0.07315,-0.001,0.753138
0.7305,3.3982,-1.3949,-0.07305,-0.001,0.752907
0.7294,3.4633,-1.3924,-0.07294,-0.0011,0.75267
0.7294,3.4633,-1.3924,-0.07294,0,0.752437
0.7283,3.5302,-1.3872,-0.07283,-0.0011,0.752122
0.7272,3.5948,-1.3872,-0.07272,-0.0011,0.751796
0.726,3.663,-1.3844,-0.0726,-0.0012,0.751458
0.7248,3.7285,-1.3817,-0.07248,-0.0012,0.751108
0.7236,3.7948,-1.3787,-0.07236,-0.0012,0.750746
0.7198,3.9886,-1.3757,-0.07198,-0.0038,0.750346
0.7198,3.9886,-1.3757,-0.07198,0,0.749946
0.7171,4.1181,-1.3632,-0.07171,-0.0027,0.749519
0.7157,4.1832,-1.3632,-0.07157,-0.0014,0.749078
0.7143,4.2472,-1.3564,-0.07143,-0.0014,0.748623
0.7143,4.2472,-1.3564,-0.07143,0,0.748168
0.7128,4.3115,-1.3494,-0.07128,-0.0015,0.747698
0.7113,4.3755,-1.3494,-0.07113,-0.0015,0.747213
0.7113,4.3755,-1.3494,-0.07113,0,0.746728
0.7098,4.4394,-1.3419,-0.07098,-0.0015,0.746228
0.7082,4.5032,-1.3419,-0.07082,-0.0016,0.745712
0.7066,4.5669,-1.3382,-0.07066,-0.0016,0.74518
0.7033,4.6939,-1.3342,-0.07033,-0.0033,0.744614
0.7016,4.7572,-1.3302,-0.07016,-0.0017,0.744031
0.7016,4.7572,-1.3302,-0.07016,0,0.743448
0.6999,4.8203,-1.3177,-0.06999,-0.0017,0.742849
0.6981,4.8834,-1.3177,-0.06981,-0.0018,0.742232
0.6963,4.9463,-1.3134,-0.06963,-0.0018,0.741598
0.6945,5.0091,-1.3089,-0.06945,-0.0018,0.740946
0.6945,5.0091,-1.3089,-0.06945,0,0.740295
0.6926,5.0718,-1.2999,-0.06926,-0.0019,0.739625
0.6907,5.1343,-1.2999,-0.06907,-0.0019,0.738936
0.6887,5.1968,-1.2952,-0.06887,-0.002,0.738228
0.6867,5.2591,-1.2904,-0.06867,-0.002,0.7375
0.6847,5.3212,-1.2854,-0.06847,-0.002,0.736753
0.6805,5.4452,-1.2804,-0.06805,-0.0042,0.735966
0.6783,5.507,-1.2754,-0.06783,-0.0022,0.735159
0.6761,5.5686,-1.2649,-0.06761,-0.0022,0.73433
0.6739,5.6302,-1.2594,-0.06739,-0.0022,0.73348
0.6739,5.6302,-1.2594,-0.06739,0,0.732631
0.6716,5.6916,-1.2484,-0.06716,-0.0023,0.73176
0.6693,5.7529,-1.2484,-0.06693,-0.0023,0.730866
0.6669,5.814,-1.2427,-0.06669,-0.0024,0.729949
0.657,6.0574,-1.2369,-0.0657,-0.0099,0.728936
0.6436,6.3588,-1.2309,-0.06436,-0.0134,0.727791
0.6436,6.3588,-1.2309,-0.06436,0,0.726647
0.635,6.5382,-1.1727,-0.0635,-0.0086,0.725421
0.6321,6.5978,-1.1727,-0.06321,-0.0029,0.724166
0.6293,6.6572,-1.1512,-0.06293,-0.0028,0.722884
0.6267,6.7165,-1.1439,-0.06267,-0.0026,0.721578
0.6222,6.8347,-1.1369,-0.06222,-0.0045,0.720229
0.6205,6.8936,-1.1304,-0.06205,-0.0017,0.718863
0.6192,6.9525,-1.1192,-0.06192,-0.0013,0.717486
0.6192,6.9525,-1.1192,-0.06192,0,0.716111
0.6184,7.0111,-1.1117,-0.06184,-0.0008,0.714731
0.6183,7.0697,-1.1117,-0.06183,-0.0001,0.713352
0.619,7.1281,-1.1097,-0.0619,0.0007,0.711985
0.619,7.1281,-1.1097,-0.0619,0,0.71062
0.618,7.2447,-1.1112,-0.0618,-0.001,0.709245
0.618,7.2447,-1.1112,-0.0618,0,0.707873
0.6132,7.3028,-1.1087,-0.06132,-0.0048,0.706456
0.6106,7.3607,-1.1087,-0.06106,-0.0026,0.705016
0.6084,7.4186,-1.0967,-0.06084,-0.0022,0.703554
0.6084,7.4186,-1.0967,-0.06084,0,0.702095
0.6065,7.4763,-1.0847,-0.06065,-0.0019,0.70062
0.6048,7.5339,-1.0847,-0.06048,-0.0017,0.699131
0.6022,7.6487,-1.0799,-0.06022,-0.0026,0.697619
0.5985,7.9338,-1.0757,-0.05985,-0.0037,0.696073
0.5973,8.1597,-1.0692,-0.05973,-0.0012,0.694519
0.597,8.2159,-1.0599,-0.0597,-0.0003,0.692962
0.5968,8.2719,-1.0569,-0.05968,-0.0002,0.69141
0.5968,8.2719,-1.0569,-0.05968,0,0.689862
0.5965,8.3279,-1.0557,-0.05965,-0.0003,0.688315
0.5962,8.3837,-1.0557,-0.05962,-0.0003,0.686774
0.5958,8.4395,-1.0549,-0.05958,-0.0004,0.685229
0.5954,8.4951,-1.0542,-0.05954,-0.0004,0.683684
0.595,8.5506,-1.0532,-0.0595,-0.0004,0.682145
0.595,8.5506,-1.0532,-0.0595,0,0.68061
0.5945,8.6059,-1.0512,-0.05945,-0.0005,0.679075
0.594,8.6612,-1.0512,-0.0594,-0.0005,0.677535
0.5934,8.7164,-1.0499,-0.05934,-0.0006,0.675995
0.5928,8.7714,-1.0487,-0.05928,-0.0006,0.674454
0.5922,8.8263,-1.0472,-0.05922,-0.0006,0.672912
0.5907,8.9358,-1.0457,-0.05907,-0.0015,0.671361
0.59,8.9904,-1.0442,-0.059,-0.0007,0.669803
0.5891,9.0449,-1.0404,-0.05891,-0.0009,0.668242
0.5883,9.0992,-1.0387,-0.05883,-0.0008,0.666679
0.5874,9.1535,-1.0364,-0.05874,-0.0009,0.66512
0.5864,9.2076,-1.0344,-0.05864,-0.001,0.663558
0.5854,9.2616,-1.0322,-0.05854,-0.001,0.662
0.5843,9.3155,-1.0297,-0.05843,-0.0011,0.660439
0.5832,9.3693,-1.0272,-0.05832,-0.0011,0.658875
0.5821,9.423,-1.0244,-0.05821,-0.0011,0.657308
0.5809,9.4766,-1.0217,-0.05809,-0.0012,0.655729
0.5796,9.5301,-1.0189,-0.05796,-0.0013,0.654145
0.5783,9.5834,-1.0159,-0.05783,-0.0013,0.652556
0.5756,9.6898,-1.0127,-0.05756,-0.0027,0.650949
0.5741,9.7428,-1.0094,-0.05741,-0.0015,0.649336
0.5741,9.7428,-1.0094,-0.05741,0,0.647723
0.5726,9.7957,-0.9989,-0.05726,-0.0015,0.646104
0.5711,9.8485,-0.9989,-0.05711,-0.0015,0.64449
0.5694,9.9012,-0.9952,-0.05694,-0.0017,0.642869
0.5678,9.9538,-0.9914,-0.05678,-0.0016,0.641242
0.5661,10.0063,-0.9872,-0.05661,-0.0017,0.639609
0.5661,10.0063,-0.9872,-0.05661,0,0.637976
0.5643,10.0587,-0.9789,-0.05643,-0.0018,0.636336
0.5625,10.1109,-0.9789,-0.05625,-0.0018,0.634689
0.5606,10.1631,-0.9744,-0.05606,-0.0019,0.633035
0.5586,10.2151,-0.9699,-0.05586,-0.002,0.631373
0.5546,10.3189,-0.9652,-0.05546,-0.004,0.629683
0.5525,10.3706,-0.9602,-0.05525,-0.0021,0.62801
0.5503,10.4222,-0.9502,-0.05503,-0.0022,0.626315
0.5481,10.4738,-0.9449,-0.05481,-0.0022,0.624625
0.5458,10.5252,-0.9394,-0.05458,-0.0023,0.622926
0.5434,10.5765,-0.9339,-0.05434,-0.0024,0.621217
0.5434,10.5765,-0.9339,-0.05434,0,0.619508
0.541,10.6277,-0.9222,-0.0541,-0.0024,0.61779
0.5386,10.6787,-0.9222,-0.05386,-0.0024,0.616063
0.5361,10.7297,-0.9162,-0.05361,-0.0025,0.614311
0.5361,10.7297,-0.9162,-0.05361,0,0.612574
0.5335,10.7806,-0.9039,-0.05335,-0.0026,0.610827
0.5308,10.8314,-0.9039,-0.05308,-0.0027,0.609069
0.5281,10.882,-0.8974,-0.05281,-0.0027,0.607317
0.5254,10.9326,-0.8907,-0.05254,-0.0027,0.605555
0.5226,10.983,-0.8839,-0.05226,-0.0028,0.603765
0.5226,10.983,-0.8839,-0.05226,0,0.601992
0.5197,11.0334,-0.8702,-0.05197,-0.0029,0.600208
0.5137,11.1338,-0.8702,-0.05137,-0.006,0.598382
0.5076,11.2338,-0.8629,-0.05076,-0.0061,0.596513
0.5076,11.2338,-0.8629,-0.05076,0,0.594644
0.5044,11.3106,-0.8327,-0.05044,-0.0032,0.592762
0.5011,11.2862,-0.8327,-0.05011,-0.0033,0.590866
0.4978,11.5061,-0.8247,-0.04978,-0.0033,0.588957
0.4945,11.1135,-0.8164,-0.04945,-0.0033,0.587035
0.4911,11.4593,-0.8082,-0.04911,-0.0034,0.585099
0.4876,11.6205,-0.7999,-0.04876,-0.0035,0.58317
0.4732,11.861,-0.7914,-0.04732,-0.0144,0.581119
0.4617,11.5622,-0.7827,-0.04617,-0.0115,0.578975
0.4577,12.1004,-0.7467,-0.04577,-0.004,0.576813
0.4413,12.1718,-0.7179,-0.04413,-0.0164,0.574487
0.437,12.035,-0.7079,-0.0437,-0.0043,0.572141
0.4326,12.4219,-0.6669,-0.04326,-0.0044,0.569774
0.4283,11.9016,-0.6562,-0.04283,-0.0043,0.567388
0.4195,12.177,-0.6344,-0.04195,-0.0088,0.565013
0.4149,12.6232,-0.6344,-0.04149,-0.0046,0.562726
0.4149,12.6232,-0.6344,-0.04149,0,0.560439
0.4057,12.5653,-0.6009,-0.04057,-0.0092,0.558146
0.4011,12.3767,-0.6009,-0.04011,-0.0046,0.555836
0.3818,12.4686,-0.5779,-0.03818,-0.0193,0.553361
0.3767,12.953,-0.5664,-0.03767,-0.0051,0.550861
0.3717,12.542,-0.5182,-0.03717,-0.005,0.548356
0.3666,13.0044,-0.5054,-0.03666,-0.0051,0.545817
0.3615,12.5921,-0.4929,-0.03615,-0.0051,0.54324
0.3615,12.5921,-0.4929,-0.03615,0,0.540663
0.3563,13.0761,-0.4674,-0.03563,-0.0052,0.538042
0.3511,12.7841,-0.4674,-0.03511,-0.0052,0.53537
0.3458,13.1937,-0.4544,-0.03458,-0.0053,0.532638
0.3406,12.8091,-0.4414,-0.03406,-0.0052,0.529854
0.3351,13.3107,-0.4282,-0.03351,-0.0055,0.527025
0.3298,12.8307,-0.4152,-0.03298,-0.0053,0.524143
0.3189,13.0525,-0.4014,-0.03189,-0.0109,0.5212
0.3132,13.5211,-0.3882,-0.03132,-0.0057,0.518226
0.3078,12.9889,-0.3609,-0.03078,-0.0054,0.51522
0.3021,13.5223,-0.3467,-0.03021,-0.0057,0.512157
0.2965,13.212,-0.3332,-0.02965,-0.0056,0.509057
0.2907,13.7121,-0.3189,-0.02907,-0.0058,0.505916
0.285,13.1762,-0.3049,-0.0285,-0.0057,0.502744
0.285,13.1762,-0.3049,-0.0285,0,0.499609
0.2791,13.7129,-0.2762,-0.02791,-0.0059,0.496427
0.2734,13.3655,-0.2762,-0.02734,-0.0057,0.493191
0.2674,13.8769,-0.2614,-0.02674,-0.006,0.489897
0.2617,13.3679,-0.2472,-0.02617,-0.0057,0.486546
0.2557,13.9075,-0.2322,-0.02557,-0.006,0.483138
0.2438,14.0311,-0.2179,-0.02438,-0.0119,0.479614
0.2379,13.5966,-0.2029,-0.02379,-0.0059,0.476035
0.2318,14.0867,-0.1732,-0.02318,-0.0061,0.472399
0.2258,13.7059,-0.1584,-0.02258,-0.006,0.468707
0.2196,14.2114,-0.1432,-0.02196,-0.0062,0.464953
0.2137,13.7832,-0.1282,-0.02137,-0.0059,0.461145
0.2137,13.7832,-0.1282,-0.02137,0,0.457342
0.2014,13.8455,-0.0979,-0.02014,-0.0123,0.453422
0.1952,14.3655,-0.0979,-0.01952,-0.0062,0.449446
0.1892,13.9454,-0.0672,-0.01892,-0.006,0.445416
0.1829,14.444,-0.0517,-0.01829,-0.0063,0.441338
0.1704,14.5572,-0.0367,-0.01704,-0.0125,0.437142
0.1643,14.1221,-0.0209,-0.01643,-0.0061,0.432894
0.1518,14.2129,0.0103,-0.01518,-0.0125,0.428529
0.1454,14.733,0.0256,-0.01454,-0.0064,0.424109
0.1454,14.733,0.0256,-0.01454,0,0.419699
0.1268,14.3837,0.0728,-0.01268,-0.0186,0.415113
0.1204,14.9041,0.0728,-0.01204,-0.0064,0.410474
0.108,14.9799,0.1193,-0.0108,-0.0124,0.405722
0.1018,14.5513,0.1353,-0.01018,-0.0062,0.400919
0.0955,15.0695,0.1663,-0.00955,-0.0063,0.396065
0.0955,15.0695,0.1663,-0.00955,0,0.391224
0.0894,14.634,0.1976,-0.00894,-0.0061,0.386335
0.083,15.1511,0.1976,-0.0083,-0.0064,0.381409
0.0769,14.7201,0.2128,-0.00769,-0.0061,0.376437
0.0707,15.2369,0.2288,-0.00707,-0.0062,0.371403
0.0646,14.8028,0.2441,-0.00646,-0.0061,0.366323
0.0584,15.3182,0.2596,-0.00584,-0.0062,0.361196
0.0523,14.8894,0.2748,-0.00523,-0.0061,0.356025
0.0523,14.8894,0.2748,-0.00523,0,0.35087
0.0462,15.4021,0.3056,-0.00462,-0.0061,0.345671
0.0402,14.9734,0.3056,-0.00402,-0.006,0.340412
0.0341,15.484,0.3208,-0.00341,-0.0061,0.33511
0.0282,15.0573,0.3358,-0.00282,-0.0059,0.329767
0.0282,15.0573,0.3358,-0.00282,0,0.324443
0.0221,15.5662,0.3658,-0.00221,-0.0061,0.319078
0.0163,15.1414,0.3658,-0.00163,-0.0058,0.313695
0.0103,15.6479,0.3811,-0.00103,-0.006,0.308273
0.0045,15.2245,0.3956,-0.00045,-0.0058,0.302815
-0.0071,15.3078,0.4106,0.00071,-0.0116,0.297263
-0.0129,15.8105,0.4251,0.00129,-0.0058,0.291676
-0.0185,15.3898,0.4541,0.00185,-0.0056,0.286057
-0.0242,15.8909,0.4686,0.00242,-0.0057,0.280381
-0.0242,15.8909,0.4686,0.00242,0,0.274729
-0.0297,15.4726,0.4968,0.00297,-0.0055,0.269046
-0.0354,15.9718,0.4968,0.00354,-0.0057,0.263331
-0.0408,15.5536,0.5106,0.00408,-0.0054,0.257562
-0.0463,16.0517,0.5248,0.00463,-0.0055,0.251764
-0.0516,15.6356,0.5383,0.00516,-0.0053,0.24594
-0.0516,15.6356,0.5383,0.00516,0,0.240143
-0.0569,16.1322,0.5653,0.00569,-0.0053,0.23432
-0.0621,15.7155,0.5653,0.00621,-0.0052,0.228473
-0.0674,16.2113,0.5786,0.00674,-0.0053,0.222573
-0.0724,15.7971,0.5916,0.00724,-0.005,0.216652
-0.0775,16.2915,0.6048,0.00775,-0.0051,0.21074
-0.0824,15.8758,0.6173,0.00824,-0.0049,0.20484
-0.0874,16.3697,0.6301,0.00874,-0.005,0.19889
-0.0921,15.9571,0.6423,0.00921,-0.0047,0.192925
-0.0969,16.4495,0.6548,0.00969,-0.0048,0.186945
-0.1015,16.035,0.6666,0.01015,-0.0046,0.180952
-0.1015,16.035,0.6666,0.01015,0,0.174992
-0.1062,16.5269,0.6901,0.01062,-0.0047,0.169019
-0.1106,16.1158,0.6901,0.01106,-0.0044,0.163037
-0.115,16.6062,0.7018,0.0115,-0.0044,0.157155
-0.1191,16.1927,0.7128,0.01191,-0.0041,0.151347
-0.1227,16.6826,0.7238,0.01227,-0.0036,0.145543
-0.1256,16.2735,0.7341,0.01256,-0.0029,0.139874
-0.1279,16.7616,0.7431,0.01279,-0.0023,0.134225
-0.1297,16.3491,0.7503,0.01297,-0.0018,0.128602
-0.1308,16.8371,0.7561,0.01308,-0.0011,0.123011
-0.1313,16.4299,0.7606,0.01313,-0.0005,0.117503
-0.1314,16.9157,0.7633,0.01314,-0.0001,0.11204
-0.1314,16.9157,0.7633,0.01314,0,0.106577
-0.1306,16.5044,0.7648,0.01306,0.0008,0.101214
-0.1292,16.9902,0.7648,0.01292,0.0014,0.095911
-0.1272,16.5851,0.7628,0.01272,0.002,0.090821
-0.1215,16.6585,0.7593,0.01215,0.0057,0.085839
-0.1132,16.7392,0.7543,0.01132,0.0083,0.08099
-0.1132,16.7392,0.7543,0.01132,0,0.076192
-0.1084,17.2199,0.7193,0.01084,0.0048,0.071493
-0.1036,16.8116,0.7193,0.01036,0.0048,0.066842
-0.1036,16.8116,0.7193,0.01036,0,0.062243
-0.0986,17.2923,0.6953,0.00986,0.005,0.057746
-0.0935,16.8923,0.6953,0.00935,0.0051,0.053353
-0.0883,17.37,0.6828,0.00883,0.0052,0.049064
-0.0831,16.9636,0.6701,0.00831,0.0052,0.044882
-0.0777,17.4414,0.6571,0.00777,0.0054,0.040807
-0.0722,17.0443,0.6441,0.00722,0.0055,0.036896
-0.0666,17.5187,0.6306,0.00666,0.0056,0.033098
-0.0666,17.5187,0.6306,0.00666,0,0.029354
-0.061,17.1147,0.6028,0.0061,0.0056,0.025723
-0.0552,17.5891,0.6028,0.00552,0.0058,0.022206
-0.0494,17.1953,0.5888,0.00494,0.0058,0.018805
-0.0433,17.666,0.5743,0.00433,0.0061,0.015522
-0.0374,17.2648,0.5598,0.00374,0.0059,0.012298
-0.0312,17.7355,0.5446,0.00312,0.0062,0.009195
-0.025,17.3453,0.5298,0.0025,0.0062,0.006211
-0.0187,17.8118,0.5143,0.00187,0.0063,0.00335
-0.0124,17.4142,0.4988,0.00124,0.0063,0.000609
-0.0058,17.8805,0.4831,0.00058,0.0066,-0.002006
0.0007,17.4945,0.4673,-7e-05,0.0065,-0.004437
0.0073,17.9562,0.4508,-0.00073,0.0066,-0.006743
0.014,17.5629,0.4346,-0.0014,0.0067,-0.008921
0.0208,18.0241,0.4181,-0.00208,0.0068,-0.010971
0.0208,18.0241,0.4181,-0.00208,0,-0.012959
0.0276,17.6429,0.3843,-0.00276,0.0068,-0.01482
0.0346,18.099,0.3843,-0.00346,0.007,-0.016611
0.0414,17.711,0.3673,-0.00414,0.0068,-0.018211
0.0485,18.1663,0.3498,-0.00485,0.0071,-0.019678
0.0485,18.1663,0.3498,-0.00485,0,-0.021085
0.0556,17.7904,0.3151,-0.00556,0.0071,-0.022358
0.0628,18.2402,0.3151,-0.00628,0.0072,-0.023434
0.0699,17.8587,0.2973,-0.00699,0.0071,-0.024378
0.0772,18.3072,0.2793,-0.00772,0.0073,-0.025124
0.0845,17.9371,0.2616,-0.00845,0.0073,-0.025733
0.0919,18.3798,0.2433,-0.00919,0.0074,-0.026268
0.0992,18.0061,0.2251,-0.00992,0.0073,-0.026544
0.1067,18.4466,0.2066,-0.01067,0.0075,-0.026681
0.1142,18.0832,0.1883,-0.01142,0.0075,-0.026619
0.1218,18.5177,0.1696,-0.01218,0.0076,-0.026419
0.1218,18.5177,0.1696,-0.01218,0,-0.026156
0.1292,18.1529,0.1318,-0.01292,0.0074,-0.025819
0.1369,18.5845,0.1318,-0.01369,0.0077,-0.025344
0.1444,18.2285,0.1133,-0.01444,0.0075,-0.02473
0.1597,18.299,0.0941,-0.01597,0.0153,-0.023902
0.1675,18.7208,0.0753,-0.01675,0.0078,-0.022934
0.1675,18.7208,0.0753,-0.01675,0,-0.021905
0.1751,18.3732,0.0176,-0.01751,0.0076,-0.020738
0.1829,18.789,0.0176,-0.01829,0.0078,-0.019432
0.1905,18.4443,-0.0014,-0.01905,0.0076,-0.01805
0.1983,18.8554,-0.0209,-0.01983,0.0078,-0.016529
0.206,18.5173,-0.0399,-0.0206,0.0077,-0.014871
0.2138,18.9225,-0.0594,-0.02138,0.0078,-0.013074
0.2138,18.9225,-0.0594,-0.02138,0,-0.011218
0.2214,18.5886,-0.0982,-0.02214,0.0076,-0.009286
0.2292,18.9884,-0.0982,-0.02292,0.0078,-0.007215
0.2368,18.6607,-0.1172,-0.02368,0.0076,-0.00501
0.2446,19.0544,-0.1367,-0.02446,0.0078,-0.002667
0.2446,19.0544,-0.1367,-0.02446,0,-0.000266
0.2522,18.7319,-0.1752,-0.02522,0.0076,0.002327
0.2599,19.1198,-0.1752,-0.02599,0.0077,0.005055
0.2826,18.874,-0.1942,-0.02826,0.0227,0.008066
0.2902,19.2499,-0.2134,-0.02902,0.0076,0.01121
0.2977,18.9446,-0.2702,-0.02977,0.0075,0.014429
0.3052,19.3145,-0.2892,-0.03052,0.0075,0.017778
0.3126,19.0147,-0.3079,-0.03126,0.0074,0.021258
0.3273,19.0845,-0.3267,-0.03273,0.0147,0.024939
0.3273,19.0845,-0.3267,-0.03273,0,0.028675
0.3346,19.443,-0.3819,-0.03346,0.0073,0.032537
0.3417,19.1538,-0.3819,-0.03417,0.0071,0.03647
0.356,19.2227,-0.4002,-0.0356,0.0143,0.040599
0.363,19.571,-0.4179,-0.0363,0.007,0.04485
0.3699,19.2906,-0.4537,-0.03699,0.0069,0.049223
0.3768,19.6347,-0.4712,-0.03768,0.0069,0.053715
0.3836,19.3585,-0.4884,-0.03836,0.0068,0.058326
0.3903,19.6984,-0.5057,-0.03903,0.0067,0.063053
0.3969,19.4258,-0.5227,-0.03969,0.0066,0.067896
0.4098,19.4927,-0.5394,-0.04098,0.0129,0.072915
0.4162,19.8254,-0.5559,-0.04162,0.0064,0.078046
0.4162,19.8254,-0.5559,-0.04162,0,0.083223
0.4224,19.5592,-0.6042,-0.04224,0.0062,0.088462
0.4285,19.8886,-0.6042,-0.04285,0.0061,0.093809
0.4345,19.6253,-0.6197,-0.04345,0.006,0.09926
0.4404,19.9517,-0.6349,-0.04404,0.0059,0.104814
0.4462,19.691,-0.6499,-0.04462,0.0058,0.110467
0.4519,20.0145,-0.6647,-0.04519,0.0057,0.116213
0.4574,19.7564,-0.6792,-0.04574,0.0055,0.122043
0.4628,20.0773,-0.6934,-0.04628,0.0054,0.12795
0.4681,19.8214,-0.7072,-0.04681,0.0053,0.133928
0.4733,20.1398,-0.7207,-0.04733,0.0052,0.139969
0.4783,19.8861,-0.7339,-0.04783,0.005,0.146065
0.4783,19.8861,-0.7339,-0.04783,0,0.152162
0.4832,20.2021,-0.7594,-0.04832,0.0049,0.158308
0.4879,19.9505,-0.7594,-0.04879,0.0047,0.164493
0.4925,20.2641,-0.7717,-0.04925,0.0046,0.17071
0.497,20.0146,-0.7834,-0.0497,0.0045,0.176952
0.497,20.0146,-0.7834,-0.0497,0,0.183137
0.5013,20.3259,-0.8062,-0.05013,0.0043,0.189282
0.5094,20.3875,-0.8062,-0.05094,0.0081,0.195508
0.5094,20.3875,-0.8062,-0.05094,0,0.201686
0.5132,20.1421,-0.8372,-0.05132,0.0038,0.207854
0.5169,20.4488,-0.8372,-0.05169,0.0037,0.214059
0.5169,20.4488,-0.8372,-0.05169,0,0.220214
0.5204,20.2054,-0.8559,-0.05204,0.0035,0.226353
0.5237,20.5098,-0.8559,-0.05237,0.0033,0.232473
0.5269,20.2685,-0.8647,-0.05269,0.0032,0.238573
0.5299,20.5706,-0.8729,-0.05299,0.003,0.244649
0.5327,20.3313,-0.8809,-0.05327,0.0028,0.250698
0.5354,20.6312,-0.8884,-0.05354,0.0027,0.256718
0.5354,20.6312,-0.8884,-0.05354,0,0.262738
0.5378,20.3939,-0.9022,-0.05378,0.0024,0.268726
0.5401,20.6915,-0.9022,-0.05401,0.0023,0.274679
0.5422,20.4562,-0.9082,-0.05422,0.0021,0.280595
0.5441,20.7515,-0.9139,-0.05441,0.0019,0.286469
0.5441,20.7515,-0.9139,-0.05441,0,0.292284
0.5459,20.5183,-0.9239,-0.05459,0.0018,0.298055
0.5474,20.8113,-0.9239,-0.05474,0.0015,0.303779
0.5488,20.5802,-0.9284,-0.05488,0.0014,0.309454
0.5499,20.8708,-0.9322,-0.05499,0.0011,0.315077
0.5509,20.6418,-0.9357,-0.05509,0.001,0.320644
0.5509,20.6418,-0.9357,-0.05509,0,0.326146
0.5517,20.9301,-0.9409,-0.05517,0.0008,0.33159
0.5522,20.7032,-0.9409,-0.05522,0.0005,0.336972
0.5528,20.7644,-0.9429,-0.05528,0.0006,0.342292
0.5528,21.0479,-0.9442,-0.05528,0,0.347612
0.5526,20.8253,-0.9457,-0.05526,-0.0002,0.352862
0.5527,21.1064,-0.9457,-0.05527,0.0001,0.358043
0.5534,20.886,-0.9452,-0.05534,0.0007,0.363163
0.5545,21.1646,-0.9454,-0.05545,0.0011,0.368223
0.5563,20.9465,-0.9472,-0.05563,0.0018,0.373301
0.5586,21.2226,-0.9499,-0.05586,0.0023,0.378331
0.5586,21.2226,-0.9499,-0.05586,0,0.383289
0.5628,21.0068,-0.9602,-0.05628,0.0042,0.388218
0.5655,21.2804,-0.9602,-0.05655,0.0027,0.393101
0.5692,21.0668,-0.9707,-0.05692,0.0037,0.397948
0.5738,21.3379,-0.9774,-0.05738,0.0046,0.402767
0.5738,21.3379,-0.9774,-0.05738,0,0.407513
0.5854,21.3951,-0.9982,-0.05854,0.0116,0.4123
0.5918,21.1862,-0.9982,-0.05918,0.0064,0.417076
0.5981,21.452,-1.0272,-0.05981,0.0063,0.421839
0.604,21.2456,-1.0432,-0.0604,0.0059,0.426661
0.6099,21.5087,-1.0589,-0.06099,0.0059,0.431468
0.6099,21.5087,-1.0589,-0.06099,0,0.436198
0.6154,21.3047,-1.0884,-0.06154,0.0055,0.440908
0.6207,21.565,-1.0884,-0.06207,0.0053,0.445518
0.6258,21.3637,-1.1022,-0.06258,0.0051,0.450101
0.6306,21.6212,-1.1154,-0.06306,0.0048,0.454732
0.6306,21.6212,-1.1154,-0.06306,0,0.459287
0.6352,21.4224,-1.1402,-0.06352,0.0046,0.46381
0.6396,21.677,-1.1402,-0.06396,0.0044,0.468301
0.6436,21.4809,-1.1517,-0.06436,0.004,0.472754
0.6475,21.7326,-1.1627,-0.06475,0.0039,0.477169
0.651,21.5393,-1.1727,-0.0651,0.0035,0.481541
0.6543,21.7879,-1.1824,-0.06543,0.0033,0.485946
0.6543,21.7879,-1.1824,-0.06543,0,0.490275
0.6574,21.5974,-1.1994,-0.06574,0.0031,0.494557
0.6601,21.843,-1.1994,-0.06601,0.0027,0.49879
0.6626,21.6554,-1.2072,-0.06626,0.0025,0.50297
0.6648,21.8978,-1.2139,-0.06648,0.0022,0.507172
0.6648,21.8978,-1.2139,-0.06648,0,0.511298
0.6668,21.7132,-1.2257,-0.06668,0.002,0.515367
0.6684,21.9523,-1.2257,-0.06684,0.0016,0.519225
0.6709,22.0065,-1.2307,-0.06709,0.0025,0.523032
0.6717,21.8283,-1.2347,-0.06717,0.0008,0.526772
0.6722,22.0605,-1.2409,-0.06722,0.0005,0.530442
0.6722,22.0605,-1.2409,-0.06722,0,0.534038
0.6725,21.8856,-1.2442,-0.06725,0.0003,0.53749
0.6724,22.1142,-1.2442,-0.06724,-0.0001,0.540941
0.6721,21.9427,-1.2449,-0.06721,-0.0003,0.544316
0.6714,22.1676,-1.2447,-0.06714,-0.0007,0.547613
0.6714,22.1676,-1.2447,-0.06714,0,0.550767
0.6705,21.9998,-1.2422,-0.06705,-0.0009,0.553842
0.6692,22.2206,-1.2422,-0.06692,-0.0013,0.556835
0.6677,22.0567,-1.2399,-0.06677,-0.0015,0.559744
0.6659,22.2734,-1.2367,-0.06659,-0.0018,0.562567
0.6638,22.1135,-1.2329,-0.06638,-0.0021,0.565302
0.6613,22.3259,-1.2284,-0.06613,-0.0025,0.567946
0.6586,22.1702,-1.2232,-0.06586,-0.0027,0.570434
0.6556,22.378,-1.2169,-0.06556,-0.003,0.572828
0.6523,22.2269,-1.2102,-0.06523,-0.0033,0.575189
0.6487,22.4298,-1.2027,-0.06487,-0.0036,0.577452
0.6487,22.4298,-1.2027,-0.06487,0,0.579654
0.6448,22.2835,-1.1854,-0.06448,-0.0039,0.581757
0.6406,22.4812,-1.1854,-0.06406,-0.0042,0.583759
0.6361,22.3402,-1.1757,-0.06361,-0.0045,0.585658
0.6313,22.5323,-1.1652,-0.06313,-0.0048,0.587452
0.6263,22.3967,-1.1539,-0.06263,-0.005,0.589141
0.6263,22.3967,-1.1539,-0.06263,0,0.590776
0.6209,22.583,-1.1294,-0.06209,-0.0054,0.592304
0.6153,22.4532,-1.1294,-0.06153,-0.0056,0.593724
0.6093,22.6333,-1.1159,-0.06093,-0.006,0.595034
0.5966,22.6831,-1.1019,-0.05966,-0.0127,0.596217
0.5899,22.5662,-1.0869,-0.05899,-0.0067,0.597284
0.5899,22.5662,-1.0869,-0.05899,0,0.598304
0.5828,22.7325,-1.0384,-0.05828,-0.0071,0.599207
0.5828,22.7325,-1.0384,-0.05828,0,0.600065
0.5756,22.6229,-1.0207,-0.05756,-0.0072,0.600851
0.5679,22.7813,-1.0207,-0.05679,-0.0077,0.601517
0.5679,22.7813,-1.0207,-0.05679,0,0.602102
0.5601,22.6797,-0.9834,-0.05601,-0.0078,0.602609
0.5437,22.7365,-0.9834,-0.05437,-0.0164,0.602914
0.5262,22.7933,-0.9639,-0.05262,-0.0175,0.603007
0.517,22.9247,-0.9229,-0.0517,-0.0092,0.603008
0.5077,22.8499,-0.8792,-0.05077,-0.0093,0.602881
0.5077,22.8499,-0.8792,-0.05077,0,0.602721
0.4981,22.9716,-0.8329,-0.04981,-0.0096,0.602433
0.4883,22.9063,-0.8329,-0.04883,-0.0098,0.602017
0.4782,23.0184,-0.8089,-0.04782,-0.0101,0.601472
0.468,22.9623,-0.7844,-0.0468,-0.0102,0.600798
0.468,22.9623,-0.7844,-0.0468,0,0.600124
0.4575,23.065,-0.7337,-0.04575,-0.0105,0.599321
0.4468,23.0179,-0.7337,-0.04468,-0.0107,0.598388
0.4359,23.1115,-0.7074,-0.04359,-0.0109,0.597325
0.4248,23.0731,-0.6807,-0.04248,-0.0111,0.596132
0.4135,23.158,-0.6534,-0.04135,-0.0113,0.594826
0.4021,23.128,-0.6257,-0.04021,-0.0114,0.593388
0.3786,23.1824,-0.5974,-0.03786,-0.0235,0.5917
0.3666,23.2505,-0.5689,-0.03666,-0.012,0.589878
0.3545,23.2363,-0.5102,-0.03545,-0.0121,0.587924
0.3421,23.2968,-0.4802,-0.03421,-0.0124,0.585836
0.3421,23.2968,-0.4802,-0.03421,0,0.583748
0.3297,23.2894,-0.4189,-0.03297,-0.0124,0.581528
0.3171,23.3434,-0.4189,-0.03171,-0.0126,0.579177
0.3044,23.3417,-0.3879,-0.03044,-0.0127,0.576693
0.2916,23.3903,-0.3564,-0.02916,-0.0128,0.574081
0.2786,23.3933,-0.3247,-0.02786,-0.013,0.571341
0.2786,23.3933,-0.3247,-0.02786,0,0.5686
0.2656,23.4376,-0.2602,-0.02656,-0.013,0.565722
0.2524,23.4443,-0.2602,-0.02524,-0.0132,0.562701
0.2392,23.485,-0.2277,-0.02392,-0.0132,0.55953
0.2259,23.4948,-0.1947,-0.02259,-0.0133,0.556203
0.2125,23.5324,-0.1617,-0.02125,-0.0134,0.552742
0.2125,23.5324,-0.1617,-0.02125,0,0.549239
0.199,23.5449,-0.0949,-0.0199,-0.0135,0.545574
0.1855,23.5799,-0.0949,-0.01855,-0.0135,0.541737
0.172,23.5945,-0.0612,-0.0172,-0.0135,0.537719
0.1584,23.6274,-0.0274,-0.01584,-0.0136,0.533565
0.1447,23.6437,0.0063,-0.01447,-0.0137,0.529158
0.1447,23.6437,0.0063,-0.01447,0,0.524687
0.1315,23.6748,0.0746,-0.01315,-0.0132,0.520021
0.1194,23.6926,0.0746,-0.01194,-0.0121,0.515175
0.1085,23.7222,0.1076,-0.01085,-0.0109,0.510161
0.099,23.7412,0.1378,-0.0099,-0.0095,0.505052
0.0903,23.7695,0.1651,-0.00903,-0.0087,0.499801
0.0824,23.7894,0.1888,-0.00824,-0.0079,0.494418
0.0824,23.7894,0.1888,-0.00824,0,0.488984
0.0758,23.8166,0.2303,-0.00758,-0.0066,0.483436
0.0704,23.8373,0.2303,-0.00704,-0.0054,0.477834
0.0661,23.8637,0.2468,-0.00661,-0.0043,0.472143
0.0602,23.9107,0.2603,-0.00602,-0.0059,0.466349
0.0574,23.9324,0.2711,-0.00574,-0.0028,0.460487
0.0548,23.9575,0.2858,-0.00548,-0.0026,0.45456
0.0496,24.0042,0.2928,-0.00496,-0.0052,0.448546
0.0496,24.0042,0.2928,-0.00496,0,0.442499
0.0471,24.0265,0.3123,-0.00471,-0.0025,0.436427
0.0447,24.0507,0.3123,-0.00447,-0.0024,0.4303
0.0423,24.0732,0.3186,-0.00423,-0.0024,0.424122
0.0401,24.097,0.3246,-0.00401,-0.0022,0.417897
0.0401,24.097,0.3246,-0.00401,0,0.41165
0.0358,24.1433,0.3361,-0.00358,-0.0043,0.40536
0.0358,24.1433,0.3361,-0.00358,0,0.39905
0.0338,24.1659,0.3468,-0.00338,-0.002,0.392704
0.0318,24.1893,0.3468,-0.00318,-0.002,0.386313
0.03,24.2119,0.3518,-0.003,-0.0018,0.379896
0.0282,24.2351,0.3568,-0.00282,-0.0018,0.373456
0.0282,24.2351,0.3568,-0.00282,0,0.367016
0.0266,24.2578,0.3658,-0.00266,-0.0016,0.360557
0.025,24.2808,0.3658,-0.0025,-0.0016,0.354083
0.0235,24.3034,0.3698,-0.00235,-0.0015,0.347597
0.0222,24.3263,0.3738,-0.00222,-0.0013,0.341105
0.0222,24.3263,0.3738,-0.00222,0,0.334613
0.0197,24.3716,0.3808,-0.00197,-0.0025,0.328105
0.0186,24.3942,0.3808,-0.00186,-0.0011,0.321599
0.0177,24.4168,0.3871,-0.00177,-0.0009,0.315099
0.0168,24.4392,0.3898,-0.00168,-0.0009,0.308608
0.016,24.4617,0.3921,-0.0016,-0.0008,0.30213
0.016,24.4617,0.3921,-0.0016,0,0.295677
0.0154,24.4841,0.3963,-0.00154,-0.0006,0.289245
0.0149,24.5065,0.3963,-0.00149,-0.0005,0.282838
0.0144,24.5288,0.3978,-0.00144,-0.0005,0.276459
0.0141,24.5511,0.3991,-0.00141,-0.0003,0.270113
0.0139,24.5733,0.4003,-0.00139,-0.0002,0.263765
0.0138,24.5955,0.4011,-0.00138,-0.0001,0.257455
0.0138,24.6176,0.4016,-0.00138,0,0.251187
0.014,24.6398,0.4018,-0.0014,0.0002,0.244966
0.0142,24.6618,0.4018,-0.00142,0.0002,0.238795
0.0146,24.6838,0.4013,-0.00146,0.0004,0.232678
0.0151,24.7057,0.4008,-0.00151,0.0005,0.226566
0.0151,24.7057,0.4008,-0.00151,0,0.220508
0.0157,24.7277,0.3986,-0.00157,0.0006,0.214512
0.0164,24.7495,0.3986,-0.00164,0.0007,0.208583
0.0173,24.7713,0.3971,-0.00173,0.0009,0.20279
0.0182,24.7931,0.3953,-0.00182,0.0009,0.197073
0.0193,24.8148,0.3931,-0.00193,0.0011,0.191367
0.0193,24.8148,0.3931,-0.00193,0,0.185732
0.0218,24.8581,0.3881,-0.00218,0.0025,0.180122
0.0232,24.8798,0.3881,-0.00232,0.0014,0.174598
0.0247,24.9013,0.3818,-0.00247,0.0015,0.169166
0.0247,24.9013,0.3818,-0.00247,0,0.163734
0.0264,24.9228,0.3746,-0.00264,0.0017,0.158397
0.0282,24.9443,0.3746,-0.00282,0.0018,0.153242
0.03,24.9657,0.3703,-0.003,0.0018,0.14828
0.032,24.9871,0.3658,-0.0032,0.002,0.14343
0.0341,25.0084,0.3613,-0.00341,0.0021,0.138694
0.0341,25.0084,0.3613,-0.00341,0,0.133958
0.0364,25.0297,0.3511,-0.00364,0.0023,0.129341
0.0387,25.0509,0.3511,-0.00387,0.0023,0.124845
0.0437,25.0933,0.3453,-0.00437,0.005,0.1205
0.0464,25.1144,0.3396,-0.00464,0.0027,0.116284
0.0464,25.1144,0.3396,-0.00464,0,0.112068
0.0491,25.1355,0.3203,-0.00491,0.0027,0.107984
0.052,25.1565,0.3203,-0.0052,0.0029,0.104036
0.055,25.1775,0.3136,-0.0055,0.003,0.100227
0.058,25.1984,0.3063,-0.0058,0.003,0.096559
0.058,25.1984,0.3063,-0.0058,0,0.093004
0.0612,25.2193,0.2913,-0.00612,0.0032,0.089595
0.0645,25.2402,0.2913,-0.00645,0.0033,0.086454
0.0678,25.261,0.2833,-0.00678,0.0033,0.083466
0.0713,25.2817,0.2751,-0.00713,0.0035,0.080634
0.0749,25.3025,0.2668,-0.00749,0.0036,0.077962
0.0785,25.3231,0.2581,-0.00785,0.0036,0.075326
0.0822,25.3438,0.2491,-0.00822,0.0037,0.072851
0.086,25.3644,0.2401,-0.0086,0.0038,0.07054
0.09,25.3849,0.2308,-0.009,0.004,0.068396
0.0939,25.4054,0.2213,-0.00939,0.0039,0.066419
0.098,25.4259,0.2113,-0.0098,0.0041,0.064613
0.098,25.4259,0.2113,-0.0098,0,0.062807
0.1021,25.4463,0.1913,-0.01021,0.0041,0.061172
0.1063,25.4667,0.1913,-0.01063,0.0042,0.059711
0.1106,25.487,0.1811,-0.01106,0.0043,0.058425
0.1149,25.5074,0.1706,-0.01149,0.0043,0.057315
0.1149,25.5074,0.1706,-0.01149,0,0.056339
0.1238,25.5478,0.1491,-0.01238,0.0089,0.055452
0.1283,25.568,0.1491,-0.01283,0.0045,0.054745
0.1329,25.5881,0.1268,-0.01329,0.0046,0.054219
0.1375,25.6082,0.1156,-0.01375,0.0046,0.053874
0.1422,25.6282,0.1041,-0.01422,0.0047,0.053712
0.1422,25.6282,0.1041,-0.01422,0,0.053687
0.1469,25.6483,0.0808,-0.01469,0.0047,0.053709
0.1517,25.6682,0.0808,-0.01517,0.0048,0.053911
0.1565,25.6881,0.0691,-0.01565,0.0048,0.054282
0.1613,25.708,0.0571,-0.01613,0.0048,0.05481
0.1613,25.708,0.0571,-0.01613,0,0.055433
0.1665,25.7278,0.0331,-0.01665,0.0052,0.056195
0.1811,25.7674,0.0201,-0.01811,0.0146,0.057182
0.2012,25.8068,0.0201,-0.02012,0.0201,0.05837
0.2115,25.8264,-0.0164,-0.02115,0.0103,0.059727
0.2115,25.8264,-0.0164,-0.02115,0,0.061138
0.2235,25.846,-0.0924,-0.02235,0.012,0.062712
0.2368,25.8655,-0.0924,-0.02368,0.0133,0.064478
0.2512,25.885,-0.1224,-0.02512,0.0144,0.066416
0.2666,25.9045,-0.1557,-0.02666,0.0154,0.068534
0.2666,25.9045,-0.1557,-0.02666,0,0.070704
0.2824,25.9239,-0.2302,-0.02824,0.0158,0.073032
0.2981,25.9433,-0.2302,-0.02981,0.0157,0.075542
0.3293,25.9819,-0.2697,-0.03293,0.0312,0.078388
0.3449,26.0012,-0.3089,-0.03449,0.0156,0.081414
0.3603,26.0203,-0.3869,-0.03603,0.0154,0.084616
0.3757,26.0395,-0.4259,-0.03757,0.0154,0.087972
0.391,26.0586,-0.4644,-0.0391,0.0153,0.091524
0.4061,26.0776,-0.5029,-0.04061,0.0151,0.095227
0.4211,26.0967,-0.5412,-0.04211,0.015,0.0991
0.436,26.1156,-0.5789,-0.0436,0.0149,0.103142
0.436,26.1156,-0.5789,-0.0436,0,0.107202
0.4507,26.1345,-0.6537,-0.04507,0.0147,0.111427
0.4652,26.1534,-0.6537,-0.04652,0.0145,0.115797
0.4796,26.1723,-0.6904,-0.04796,0.0144,0.120327
0.4938,26.191,-0.7267,-0.04938,0.0142,0.125015
0.5077,26.2098,-0.7627,-0.05077,0.0139,0.129857
0.5215,26.2285,-0.7982,-0.05215,0.0138,0.13485
0.535,26.2472,-0.8329,-0.0535,0.0135,0.139978
0.5483,26.2659,-0.8674,-0.05483,0.0133,0.145264
0.5614,26.2844,-0.9012,-0.05614,0.0131,0.150692
0.5741,26.303,-0.9344,-0.05741,0.0127,0.156256
0.5741,26.303,-0.9344,-0.05741,0,0.161829
0.5867,26.3214,-0.9989,-0.05867,0.0126,0.167536
0.5989,26.3399,-0.9989,-0.05989,0.0122,0.173365
0.6108,26.3583,-1.0304,-0.06108,0.0119,0.179319
0.6224,26.3766,-1.0609,-0.06224,0.0116,0.185394
0.6337,26.395,-1.0907,-0.06337,0.0113,0.191587
0.6553,26.4315,-1.1197,-0.06553,0.0216,0.197999
0.6656,26.4497,-1.1479,-0.06656,0.0103,0.204516
0.6755,26.4679,-1.2019,-0.06755,0.0099,0.211133
0.6851,26.4861,-1.2277,-0.06851,0.0096,0.217846
0.6851,26.4861,-1.2277,-0.06851,0,0.224557
0.6943,26.5041,-1.2764,-0.06943,0.0092,0.231358
0.7031,26.5222,-1.2764,-0.07031,0.0088,0.238243
0.7115,26.5402,-1.2994,-0.07115,0.0084,0.245207
0.7194,26.5582,-1.3214,-0.07194,0.0079,0.25225
0.727,26.5761,-1.3424,-0.0727,0.0076,0.259363
0.727,26.5761,-1.3424,-0.0727,0,0.266469
0.7341,26.594,-1.3812,-0.07341,0.0071,0.273637
0.7408,26.6118,-1.3812,-0.07408,0.0067,0.280863
0.7471,26.6297,-1.3989,-0.07471,0.0063,0.288141
0.7529,26.6475,-1.4157,-0.07529,0.0058,0.295477
0.7583,26.6652,-1.4314,-0.07583,0.0054,0.302842
0.7632,26.6829,-1.4459,-0.07632,0.0049,0.310242
0.7676,26.7006,-1.4594,-0.07676,0.0044,0.317671
0.7715,26.7183,-1.4717,-0.07715,0.0039,0.325139
0.775,26.7359,-1.4827,-0.0775,0.0035,0.332625
0.778,26.7535,-1.4924,-0.0778,0.003,0.340123
0.778,26.7535,-1.4924,-0.0778,0,0.347603
0.7824,26.7886,-1.5087,-0.07824,0.0044,0.355107
0.7839,26.806,-1.5087,-0.07839,0.0015,0.362605
0.7839,26.806,-1.5087,-0.07839,0,0.370103
0.7849,26.8235,-1.5234,-0.07849,0.001,0.377588
0.7853,26.8409,-1.5234,-0.07853,0.0004,0.385054
0.7853,26.8583,-1.5259,-0.07853,0,0.39247
0.7847,26.8756,-1.5269,-0.07847,-0.0006,0.399853
0.7836,26.893,-1.5269,-0.07836,-0.0011,0.407225
0.782,26.9103,-1.5254,-0.0782,-0.0016,0.414554
0.7798,26.9275,-1.5227,-0.07798,-0.0022,0.421832
0.7798,26.9275,-1.5227,-0.07798,0,0.42908
0.7772,26.9447,-1.5132,-0.07772,-0.0026,0.436272
0.774,26.962,-1.5132,-0.0774,-0.0032,0.443432
0.7703,26.9791,-1.5067,-0.07703,-0.0037,0.450523
0.7661,26.9963,-1.4987,-0.07661,-0.0042,0.457539
0.7613,27.0134,-1.4894,-0.07613,-0.0048,0.464474
0.756,27.0304,-1.4789,-0.0756,-0.0053,0.471321
0.7502,27.0475,-1.4669,-0.07502,-0.0058,0.478074
0.7439,27.0645,-1.4537,-0.07439,-0.0063,0.484728
0.737,27.0815,-1.4392,-0.0737,-0.0069,0.491276
0.7296,27.0985,-1.4234,-0.07296,-0.0074,0.497712
0.7296,27.0985,-1.4234,-0.07296,0,0.504108
0.7134,27.1323,-1.3877,-0.07134,-0.0162,0.510303
0.7045,27.1491,-1.3877,-0.07045,-0.0089,0.516368
0.6852,27.1828,-1.3472,-0.06852,-0.0193,0.52224
0.6852,27.1828,-1.3472,-0.06852,0,0.528071
0.6748,27.1996,-1.2767,-0.06748,-0.0104,0.533756
0.6526,27.233,-1.2767,-0.06526,-0.0222,0.539176
0.5746,27.3325,-1.2507,-0.05746,-0.078,0.543773
0.5132,27.3982,-1.1952,-0.05132,-0.0614,0.547756
0.4967,27.4145,-1.0002,-0.04967,-0.0165,0.551485
0.4799,27.4309,-0.8467,-0.04799,-0.0168,0.555001
0.4799,27.4309,-0.8467,-0.04799,0,0.558471
0.4627,27.4472,-0.7634,-0.04627,-0.0172,0.561723
0.4453,27.4635,-0.7634,-0.04453,-0.0174,0.564754
0.429,27.4798,-0.7204,-0.0429,-0.0163,0.567622
0.4142,27.496,-0.6769,-0.04142,-0.0148,0.570295
0.4014,27.5122,-0.6362,-0.04014,-0.0128,0.572792
0.4014,27.5122,-0.6362,-0.04014,0,0.575241
0.391,27.5283,-0.5672,-0.0391,-0.0104,0.577538
0.3834,27.5444,-0.5672,-0.03834,-0.0076,0.579759
0.3734,27.5605,-0.5412,-0.03734,-0.01,0.581828
0.3673,27.5766,-0.5222,-0.03673,-0.0061,0.58369
0.3644,27.5925,-0.4972,-0.03644,-0.0029,0.585322
0.3626,27.6244,-0.4819,-0.03626,-0.0018,0.586833
0.3614,27.6403,-0.4747,-0.03614,-0.0012,0.588332
0.36,27.6562,-0.4702,-0.036,-0.0014,0.589697
0.3583,27.672,-0.4672,-0.03583,-0.0017,0.590912
0.3583,27.672,-0.4672,-0.03583,0,0.591983
0.3565,27.6878,-0.4594,-0.03565,-0.0018,0.592882
0.3544,27.7035,-0.4594,-0.03544,-0.0021,0.59376
0.3521,27.7192,-0.4549,-0.03521,-0.0023,0.594457
0.3497,27.7349,-0.4497,-0.03497,-0.0024,0.594973
0.347,27.7506,-0.4439,-0.0347,-0.0027,0.59515
0.3441,27.7662,-0.4379,-0.03441,-0.0029,0.595142
0.341,27.7818,-0.4312,-0.0341,-0.0031,0.594949
0.3377,27.7973,-0.4239,-0.03377,-0.0033,0.594569
0.3343,27.8128,-0.4162,-0.03343,-0.0034,0.594002
0.3268,27.8437,-0.4079,-0.03268,-0.0075,0.593209
0.3268,27.8437,-0.4079,-0.03268,0,0.592266
0.3228,27.8591,-0.3807,-0.03228,-0.004,0.591134
0.3186,27.8745,-0.3807,-0.03186,-0.0042,0.58996
0.3143,27.8899,-0.3707,-0.03143,-0.0043,0.588596
0.3098,27.9052,-0.3602,-0.03098,-0.0045,0.587042
0.3051,27.9205,-0.3494,-0.03051,-0.0047,0.585297
0.3003,27.9357,-0.3382,-0.03003,-0.0048,0.583362
0.2953,27.951,-0.3264,-0.02953,-0.005,0.581238
0.2902,27.9662,-0.3144,-0.02902,-0.0051,0.578925
0.285,27.9813,-0.3019,-0.0285,-0.0052,0.576425
0.2796,27.9964,-0.2892,-0.02796,-0.0054,0.573738
0.2796,27.9964,-0.2892,-0.02796,0,0.57092
0.274,28.0115,-0.2627,-0.0274,-0.0056,0.567919
0.2684,28.0266,-0.2627,-0.02684,-0.0056,0.564862
0.2626,28.0416,-0.2487,-0.02626,-0.0058,0.561621
0.2567,28.0567,-0.2347,-0.02567,-0.0059,0.558199
0.2567,28.0567,-0.2347,-0.02567,0,0.554658
0.2507,28.0716,-0.2054,-0.02507,-0.006,0.550941
0.2384,28.1015,-0.2054,-0.02384,-0.0123,0.546988
0.2321,28.1164,-0.1904,-0.02321,-0.0063,0.542756
0.2257,28.1312,-0.1597,-0.02257,-0.0064,0.538357
0.2257,28.1312,-0.1597,-0.02257,0,0.533859
0.2192,28.146,-0.1279,-0.02192,-0.0065,0.5292
0.206,28.1756,-0.1279,-0.0206,-0.0132,0.524409
0.1992,28.1903,-0.1117,-0.01992,-0.0068,0.519458
0.1924,28.205,-0.0787,-0.01924,-0.0068,0.514351
0.1856,28.2196,-0.0617,-0.01856,-0.0068,0.509092
0.1856,28.2196,-0.0617,-0.01856,0,0.503754
0.1787,28.2343,-0.0277,-0.01787,-0.0069,0.498271
0.1718,28.2489,-0.0277,-0.01718,-0.0069,0.492719
0.1648,28.2635,-0.0104,-0.01648,-0.007,0.487026
0.1578,28.278,0.0068,-0.01578,-0.007,0.481196
0.1578,28.278,0.0068,-0.01578,0,0.475303
0.1507,28.2925,0.0418,-0.01507,-0.0071,0.469281
0.1437,28.307,0.0418,-0.01437,-0.007,0.463135
0.1366,28.3214,0.0596,-0.01366,-0.0071,0.456869
0.1295,28.3358,0.0771,-0.01295,-0.0071,0.450488
0.1224,28.3502,0.0948,-0.01224,-0.0071,0.443997
0.1154,28.3646,0.1126,-0.01154,-0.007,0.437401
0.1083,28.3789,0.1303,-0.01083,-0.0071,0.430704
0.1083,28.3789,0.1303,-0.01083,0,0.424007
0.0943,28.4074,0.1656,-0.00943,-0.014,0.417126
0.0873,28.4217,0.1656,-0.00873,-0.007,0.41016
0.0804,28.4359,0.2006,-0.00804,-0.0069,0.403125
0.0666,28.4642,0.2181,-0.00666,-0.0138,0.395942
0.0666,28.4642,0.2181,-0.00666,0,0.388755
0.0532,28.4924,0.2698,-0.00532,-0.0134,0.381434
0.0532,28.4924,0.2698,-0.00532,0,0.374119
0.0465,28.5064,0.3033,-0.00465,-0.0067,0.366748
0.04,28.5204,0.3033,-0.004,-0.0065,0.359328
0.0335,28.5344,0.3201,-0.00335,-0.0065,0.351865
0.0271,28.5484,0.3363,-0.00271,-0.0064,0.344338
0.0209,28.5623,0.3526,-0.00209,-0.0062,0.336775
0.0147,28.5762,0.3686,-0.00147,-0.0062,0.329182
0.0087,28.5901,0.3841,-0.00087,-0.006,0.321566
0.0027,28.6039,0.3996,-0.00027,-0.006,0.313932
0.0029,28.6178,0.4146,-0.00029,0.0002,0.306348
0.0088,28.6316,0.4296,-0.00088,0.0059,0.298876
0.0088,28.6316,0.4296,-0.00088,0,0.291462
0.0161,28.6453,0.4143,-0.00161,0.0073,0.284184
0.0196,28.659,0.4143,-0.00196,0.0035,0.27701
0.0133,28.6727,0.3961,-0.00133,-0.0063,0.269847
-0.0099,28.6864,0.3873,0.00099,-0.0232,0.262452
-0.0069,28.7001,0.4031,0.00069,0.003,0.255249
-0.0069,28.7001,0.4031,0.00069,0,0.248135
0.0007,28.7273,0.4536,-7e-05,0.0076,0.24129
0.0048,28.7408,0.4536,-0.00048,0.0041,0.234486
0.009,28.7544,0.4346,-0.0009,0.0042,0.227828
0.0133,28.7679,0.4243,-0.00133,0.0043,0.221435
0.0133,28.7679,0.4243,-0.00133,0,0.215822
0.0179,28.7814,0.4031,-0.00179,0.0046,0.210869
0.0226,28.7949,0.4031,-0.00226,0.0047,0.206128
0.0274,28.8083,0.3916,-0.00274,0.0048,0.201603
0.0324,28.8217,0.3798,-0.00324,0.005,0.197128
0.0375,28.8351,0.3678,-0.00375,0.0051,0.192876
0.0428,28.8484,0.3553,-0.00428,0.0053,0.188851
0.0537,28.8751,0.3426,-0.00537,0.0109,0.185098
0.0594,28.8883,0.3293,-0.00594,0.0057,0.18155
0.0712,28.9148,0.3021,-0.00712,0.0118,0.178248
0.0836,28.9412,0.2878,-0.00836,0.0124,0.17507
0.0899,28.9543,0.2583,-0.00899,0.0063,0.172059
0.0964,28.9674,0.2273,-0.00964,0.0065,0.169189
0.0964,28.9674,0.2273,-0.00964,0,0.166419
0.103,28.9805,0.1953,-0.0103,0.0066,0.163776
0.1097,28.9936,0.1953,-0.01097,0.0067,0.161229
0.1164,29.0066,0.1788,-0.01164,0.0067,0.158767
0.1303,29.0326,0.1621,-0.01303,0.0139,0.156456
0.1373,29.0455,0.1453,-0.01373,0.007,0.154229
0.1444,29.0584,0.1106,-0.01444,0.0071,0.15209
0.1516,29.0713,0.0931,-0.01516,0.0072,0.150023
0.1589,29.0842,0.0753,-0.01589,0.0073,0.148047
0.1662,29.097,0.0573,-0.01662,0.0073,0.146165
0.1662,29.097,0.0573,-0.01662,0,0.144306
0.1736,29.1098,0.0208,-0.01736,0.0074,0.142545
0.181,29.1226,0.0208,-0.0181,0.0074,0.140885
0.1885,29.1354,0.0023,-0.01885,0.0075,0.139329
0.196,29.1481,-0.0162,-0.0196,0.0075,0.137879
0.2035,29.1608,-0.0349,-0.02035,0.0075,0.136537
0.211,29.1735,-0.0537,-0.0211,0.0075,0.135304
0.2261,29.1988,-0.0724,-0.02261,0.0151,0.134297
0.2337,29.2114,-0.0912,-0.02337,0.0076,0.133366
0.2412,29.2239,-0.1289,-0.02412,0.0075,0.13255
0.2487,29.2365,-0.1479,-0.02487,0.0075,0.131851
0.2487,29.2365,-0.1479,-0.02487,0,0.131195
0.2637,29.2615,-0.1854,-0.02637,0.015,0.130734
0.2711,29.2739,-0.1854,-0.02711,0.0074,0.130394
0.2858,29.2988,-0.2229,-0.02858,0.0147,0.130249
0.2858,29.2988,-0.2229,-0.02858,0,0.130154
0.2931,29.3111,-0.2782,-0.02931,0.0073,0.130183
0.3074,29.3358,-0.2782,-0.03074,0.0143,0.130407
0.3145,29.3481,-0.2964,-0.03145,0.0071,0.130756
0.3214,29.3604,-0.3322,-0.03214,0.0069,0.131174
0.3283,29.3726,-0.3499,-0.03283,0.0069,0.131717
0.335,29.3848,-0.3672,-0.0335,0.0067,0.132383
0.3417,29.397,-0.3844,-0.03417,0.0067,0.133174
0.3482,29.4092,-0.4012,-0.03482,0.0065,0.134089
0.3482,29.4092,-0.4012,-0.03482,0,0.135004
0.3546,29.4213,-0.4342,-0.03546,0.0064,0.136043
0.3608,29.4334,-0.4342,-0.03608,0.0062,0.137267
0.3728,29.4576,-0.4502,-0.03728,0.012,0.138674
0.3786,29.4696,-0.4657,-0.03786,0.0058,0.140203
0.3786,29.4696,-0.4657,-0.03786,0,0.141732
0.4218,29.5056,-0.5102,-0.04218,0.0432,0.143758
0.4333,29.5175,-0.5102,-0.04333,0.0115,0.146031
0.4482,29.5294,-0.6182,-0.04482,0.0149,0.148521
0.4674,29.5413,-0.6469,-0.04674,0.0192,0.151271
0.5132,29.5649,-0.6842,-0.05132,0.0458,0.154547
0.6582,29.6352,-0.7322,-0.06582,0.145,0.159273
0.6815,29.6469,-0.8467,-0.06815,0.0233,0.164301
0.7043,29.6583,-1.2092,-0.07043,0.0228,0.169626
0.7043,29.6583,-1.2092,-0.07043,0,0.175021
0.7267,29.6695,-1.3244,-0.07267,0.0224,0.18071
0.7487,29.6808,-1.3244,-0.07487,0.022,0.186619
0.7702,29.6921,-1.3804,-0.07702,0.0215,0.192814
0.7913,29.7033,-1.4354,-0.07913,0.0211,0.19929
0.8118,29.7145,-1.4892,-0.08118,0.0205,0.206042
0.8318,29.7257,-1.5419,-0.08318,0.02,0.213065
0.8512,29.7369,-1.5932,-0.08512,0.0194,0.220353
0.8701,29.748,-1.6432,-0.08701,0.0189,0.2279
0.8884,29.7591,-1.6917,-0.08884,0.0183,0.235701
0.8884,29.7591,-1.6917,-0.08884,0,0.243502
0.923,29.7811,-1.7847,-0.0923,0.0346,0.251789
0.9394,29.7921,-1.7847,-0.09394,0.0164,0.26031
0.955,29.8031,-1.8712,-0.0955,0.0156,0.269056
0.97,29.814,-1.9122,-0.097,0.015,0.27809
0.9843,29.8249,-1.9512,-0.09843,0.0143,0.287267
0.9843,29.8249,-1.9512,-0.09843,0,0.296578
0.9978,29.8358,-2.0244,-0.09978,0.0135,0.306024
1.0105,29.8466,-2.0244,-0.10105,0.0127,0.315664
1.0225,29.8575,-2.0582,-0.10225,0.012,0.325489
1.0336,29.8683,-2.0899,-0.10336,0.0111,0.33549
1.0336,29.8683,-2.0899,-0.10336,0,0.345555
1.044,29.8791,-2.1477,-0.1044,0.0104,0.355786
1.0535,29.8899,-2.1477,-0.10535,0.0095,0.366174
1.0622,29.9006,-2.1737,-0.10622,0.0087,0.376709
1.07,29.9114,-2.1974,-0.107,0.0078,0.387382
1.083,29.9328,-2.2192,-0.1083,0.013,0.398183
1.083,29.9328,-2.2192,-0.1083,0,0.408925
1.0882,29.9435,-2.2712,-0.10882,0.0052,0.419719
1.0958,29.9649,-2.2712,-0.10958,0.0076,0.430516
1.0982,29.9755,-2.2842,-0.10982,0.0024,0.441302
1.0982,29.9755,-2.2842,-0.10982,0,0.452151
1.0997,29.9862,-2.3092,-0.10997,0.0015,0.463247
1.1002,29.9968,-2.3092,-0.11002,0.0005,0.474318
1.0998,30.0074,-2.3129,-0.10998,-0.0004,0.485385
1.0984,30.018,-2.3142,-0.10984,-0.0014,0.496362
1.0961,30.0287,-2.3132,-0.10961,-0.0023,0.507275
1.0928,30.0392,-2.3097,-0.10928,-0.0033,0.518113
1.0885,30.0498,-2.3039,-0.10885,-0.0043,0.528865
1.077,30.071,-2.2957,-0.1077,-0.0115,0.539502
1.0698,30.0816,-2.2849,-0.10698,-0.0072,0.550021
1.0698,30.0816,-2.2849,-0.10698,0,0.560493
1.0616,30.0921,-2.2382,-0.10616,-0.0082,0.570835
1.0525,30.1027,-2.2382,-0.10525,-0.0091,0.581036
1.0424,30.1133,-2.2177,-0.10424,-0.0101,0.591085
1.0313,30.1238,-2.1949,-0.10313,-0.0111,0.60097
1.0192,30.1344,-2.1697,-0.10192,-0.0121,0.610625
1.0062,30.1449,-2.1419,-0.10062,-0.013,0.620093
0.9922,30.1554,-2.1117,-0.09922,-0.014,0.629303
0.9773,30.166,-2.0792,-0.09773,-0.0149,0.63824
0.9447,30.187,-2.0442,-0.09447,-0.0326,0.646788
0.9447,30.187,-2.0442,-0.09447,0,0.655271
0.9271,30.1976,-1.9254,-0.09271,-0.0176,0.663578
0.9085,30.2081,-1.9254,-0.09085,-0.0186,0.671633
0.889,30.2186,-1.8814,-0.0889,-0.0195,0.679426
0.8687,30.2291,-1.8349,-0.08687,-0.0203,0.686949
0.8475,30.2396,-1.7862,-0.08475,-0.0212,0.694121
0.8475,30.2396,-1.7862,-0.08475,0,0.701223
0.8026,30.2606,-1.6824,-0.08026,-0.0449,0.707805
0.7789,30.271,-1.6824,-0.07789,-0.0237,0.714078
0.7292,30.2919,-1.5702,-0.07292,-0.0497,0.719781
0.7032,30.3023,-1.5109,-0.07032,-0.026,0.725151
0.6764,30.3127,-1.3867,-0.06764,-0.0268,0.730253
0.649,30.3231,-1.3217,-0.0649,-0.0274,0.735007
0.6208,30.3335,-1.2547,-0.06208,-0.0282,0.739405
0.592,30.3438,-1.1862,-0.0592,-0.0288,0.74344
0.592,30.3438,-1.1862,-0.0592,0,0.7474
0.5626,30.3542,-1.0437,-0.05626,-0.0294,0.750991
0.5325,30.3645,-1.0437,-0.05325,-0.0301,0.754206
0.5019,30.3748,-0.9702,-0.05019,-0.0306,0.756964
0.374,30.4157,-0.8949,-0.0374,-0.1279,0.758367
0.3407,30.4258,-0.8184,-0.03407,-0.0333,0.759362
0.307,30.436,-0.4987,-0.0307,-0.0337,0.759945
0.2729,30.446,-0.4154,-0.02729,-0.0341,0.760187
0.2729,30.446,-0.4154,-0.02729,0,0.760279
0.2385,30.4561,-0.2459,-0.02385,-0.0344,0.759953
0.2038,30.4661,-0.2459,-0.02038,-0.0347,0.759133
0.1688,30.4761,-0.1599,-0.01688,-0.035,0.757963
0.1336,30.4861,-0.0732,-0.01336,-0.0352,0.756368
0.0993,30.496,0.0143,-0.00993,-0.0343,0.754287
0.0695,30.5157,0.1023,-0.00695,-0.0298,0.751837
0.1062,30.5256,0.1881,-0.01062,0.0367,0.749685
0.0464,30.5451,0.2626,-0.00464,-0.0598,0.746866
0.0464,30.5451,0.2626,-0.00464,0,0.74398
-0.0482,30.5549,0.3203,0.00482,-0.0946,0.740081
-0.0553,30.5646,0.3203,0.00553,-0.0071,0.736046
-0.0621,30.5742,0.5568,0.00621,-0.0068,0.731943
-0.0688,30.5838,0.5746,0.00688,-0.0067,0.727709
-0.0754,30.5935,0.5916,0.00754,-0.0066,0.723347
-0.082,30.603,0.6083,0.0082,-0.0066,0.718799
-0.0884,30.6126,0.6248,0.00884,-0.0064,0.714129
-0.1008,30.6318,0.6413,0.01008,-0.0124,0.709335
-0.1068,30.6413,0.6573,0.01068,-0.006,0.704049
-0.1183,30.6603,0.6883,0.01183,-0.0115,0.698533
-0.1183,30.6603,0.6883,0.01183,0,0.692868
-0.1238,30.6698,0.7321,0.01238,-0.0055,0.686956
-0.129,30.6793,0.7321,0.0129,-0.0052,0.680534
-0.134,30.6887,0.7458,0.0134,-0.005,0.672612
-0.1388,30.6982,0.7588,0.01388,-0.0048,0.664409
-0.1388,30.6982,0.7588,0.01388,0,0.655978
-0.1433,30.7076,0.7833,0.01433,-0.0045,0.647502
-0.1476,30.717,0.7833,0.01476,-0.0043,0.638759
-0.1516,30.7264,0.7946,0.01516,-0.004,0.629756
-0.1587,30.7451,0.8053,0.01587,-0.0071,0.620467
-0.1619,30.7544,0.8153,0.01619,-0.0032,0.610935
-0.1647,30.7638,0.8331,0.01647,-0.0028,0.60117
-0.1672,30.7731,0.8411,0.01672,-0.0025,0.59118
-0.1694,30.7823,0.8481,0.01694,-0.0022,0.580974
-0.1713,30.7916,0.8543,0.01713,-0.0019,0.57056
-0.1728,30.8008,0.8598,0.01728,-0.0015,0.559948
-0.174,30.81,0.8646,0.0174,-0.0012,0.549324
-0.1748,30.8192,0.8683,0.01748,-0.0008,0.538346
-0.1753,30.8284,0.8713,0.01753,-0.0005,0.527199
-0.1755,30.8376,0.8733,0.01755,-0.0002,0.515894
-0.1752,30.8468,0.8746,0.01752,0.0003,0.504442
-0.1746,30.8559,0.8751,0.01746,0.0006,0.492853
-0.1737,30.865,0.8743,0.01737,0.0009,0.481273
-0.1724,30.8741,0.8728,0.01724,0.0013,0.469571
-0.1724,30.8741,0.8728,0.01724,0,0.457742
-0.1706,30.8832,0.8673,0.01706,0.0018,0.445811
-0.1686,30.8923,0.8673,0.01686,0.002,0.433789
-0.1661,30.9013,0.8628,0.01661,0.0025,0.421792
-0.1633,30.9104,0.8578,0.01633,0.0028,0.409719
-0.16,30.9194,0.8516,0.016,0.0033,0.397584
-0.1564,30.9284,0.8446,0.01564,0.0036,0.385398
-0.1525,30.9374,0.8363,0.01525,0.0039,0.373173
-0.1481,30.9463,0.8273,0.01481,0.0044,0.360862
-0.1434,30.9553,0.8176,0.01434,0.0047,0.348598
-0.1383,30.9642,0.8066,0.01383,0.0051,0.336333
-0.1383,30.9642,0.8066,0.01383,0,0.323992
-0.1328,30.9732,0.7821,0.01328,0.0055,0.311682
-0.1269,30.9821,0.7821,0.01269,0.0059,0.299431
-0.1199,30.991,0.7683,0.01199,0.007,0.287235
-0.1095,30.9999,0.7536,0.01095,0.0104,0.275138
-0.0952,31.0087,0.7361,0.00952,0.0143,0.263188
-0.0772,31.0176,0.7101,0.00772,0.018,0.251432
-0.0554,31.0264,0.6743,0.00554,0.0218,0.239917
-0.0057,31.044,0.6293,0.00057,0.0497,0.228932
0.0197,31.0528,0.5748,-0.00197,0.0254,0.218244
0.0454,31.0616,0.4506,-0.00454,0.0257,0.207928
0.0714,31.0704,0.3871,-0.00714,0.026,0.197944
0.0976,31.0791,0.3228,-0.00976,0.0262,0.188222
0.1241,31.0878,0.2578,-0.01241,0.0265,0.178847
0.1507,31.0965,0.1923,-0.01507,0.0266,0.169829
0.1507,31.0965,0.1923,-0.01507,0,0.160912
0.2045,31.1138,0.0596,-0.02045,0.0538,0.152644
0.2316,31.1225,0.0596,-0.02316,0.0271,0.144768
0.3135,31.1482,-0.0749,-0.03135,0.0819,0.137841
0.3135,31.1482,-0.0749,-0.03135,0,0.131054
0.3683,31.1652,-0.3474,-0.03683,0.0548,0.124964
0.3957,31.1736,-0.3474,-0.03957,0.0274,0.119474
0.423,31.182,-0.4844,-0.0423,0.0273,0.114257
0.4503,31.1904,-0.5529,-0.04503,0.0273,0.109489
0.4503,31.1904,-0.5529,-0.04503,0,0.104907
0.4774,31.1987,-0.6894,-0.04774,0.0271,0.100791
0.5044,31.207,-0.6894,-0.05044,0.027,0.097148
0.5312,31.2153,-0.7572,-0.05312,0.0268,0.093985
0.5578,31.2236,-0.8247,-0.05578,0.0266,0.091088
0.5578,31.2236,-0.8247,-0.05578,0,0.08864
0.5842,31.2317,-0.9582,-0.05842,0.0264,0.086693
0.6103,31.2399,-0.9582,-0.06103,0.0261,0.085504
0.6616,31.2562,-1.0242,-0.06616,0.0513,0.085088
0.6867,31.2643,-1.0894,-0.06867,0.0251,0.085191
0.6867,31.2643,-1.0894,-0.06867,0,0.085568
0.7359,31.2802,-1.2804,-0.07359,0.0492,0.086719
0.7359,31.2802,-1.2804,-0.07359,0,0.088158
0.7598,31.2881,-1.4034,-0.07598,0.0239,0.089836
0.7833,31.2959,-1.4034,-0.07833,0.0235,0.092043
0.8062,31.3039,-1.4632,-0.08062,0.0229,0.09478
0.8062,31.3039,-1.4632,-0.08062,0,0.097823
0.8286,31.3118,-1.5792,-0.08286,0.0224,0.102369
0.8504,31.3196,-1.5792,-0.08504,0.0218,0.107466
0.8717,31.3274,-1.6352,-0.08717,0.0213,0.113113
0.8923,31.3352,-1.6897,-0.08923,0.0206,0.119307
0.9123,31.3428,-1.7429,-0.09123,0.02,0.125701
0.9316,31.3507,-1.7944,-0.09316,0.0193,0.132632
0.9502,31.3581,-1.8444,-0.09502,0.0186,0.140096
0.968,31.3656,-1.8927,-0.0968,0.0178,0.148088
0.9851,31.3729,-1.9392,-0.09851,0.0171,0.156603
1.0013,31.3803,-1.9837,-0.10013,0.0162,0.165623
1.0013,31.3803,-1.9837,-0.10013,0,0.174941
1.0168,31.3875,-2.0669,-0.10168,0.0155,0.184047
1.0341,31.3949,-2.0669,-0.10341,0.0173,0.193924
1.0642,31.4023,-2.1057,-0.10642,0.0301,0.204102
1.1068,31.4096,-2.1489,-0.11068,0.0426,0.215652
1.1222,31.417,-2.2242,-0.11222,0.0154,0.227427
1.1578,31.4242,-2.3307,-0.11578,0.0356,0.239626
1.2373,31.4389,-2.3692,-0.12373,0.0795,0.252687
1.2373,31.4389,-2.3692,-0.12373,0,0.265814
1.2792,31.4459,-2.6569,-0.12792,0.0419,0.279426
1.3203,31.4527,-2.6569,-0.13203,0.0411,0.293513
1.3604,31.4595,-2.7617,-0.13604,0.0401,0.308125
1.4733,31.4798,-2.8644,-0.14733,0.1129,0.323926
1.5085,31.4867,-2.9647,-0.15085,0.0352,0.340194
1.5085,31.4867,-2.9647,-0.15085,0,0.356462
1.5424,31.493,-3.3349,-0.15424,0.0339,0.373124
1.5748,31.4994,-3.3349,-0.15748,0.0324,0.390162
1.6354,31.5123,-3.4197,-0.16354,0.0606,0.407856
1.6636,31.5188,-3.5007,-0.16636,0.0282,0.42588
1.6636,31.5188,-3.5007,-0.16636,0,0.443904
1.7151,31.5313,-3.7227,-0.17151,0.0515,0.462488
1.7151,31.5313,-3.7227,-0.17151,0,0.481115
1.7385,31.5375,-3.8514,-0.17385,0.0234,0.500016
1.7602,31.5438,-3.8514,-0.17602,0.0217,0.519205
1.7802,31.5502,-3.9099,-0.17802,0.02,0.538626
1.7986,31.5565,-3.9642,-0.17986,0.0184,0.558259
1.8152,31.5628,-4.0142,-0.18152,0.0166,0.578083
1.843,31.5757,-4.0602,-0.1843,0.0278,0.598207
1.8542,31.5822,-4.1017,-0.18542,0.0112,0.618462
1.8636,31.5888,-4.1712,-0.18636,0.0094,0.638826
1.8636,31.5888,-4.1712,-0.18636,0,0.659202
1.8711,31.5949,-4.2227,-0.18711,0.0075,0.679661
1.8767,31.6012,-4.2227,-0.18767,0.0056,0.700181
1.8804,31.6075,-4.2414,-0.18804,0.0037,0.72074
1.8821,31.6139,-4.2554,-0.18821,0.0017,0.741313
1.8821,31.6139,-4.2554,-0.18821,0,0.76188
1.882,31.6204,-4.2689,-0.1882,-0.0001,0.782437
1.8798,31.6269,-4.2689,-0.18798,-0.0022,0.802959
1.8757,31.6336,-4.2687,-0.18757,-0.0041,0.82344
1.8696,31.6403,-4.2632,-0.18696,-0.0061,0.843842
1.8615,31.6471,-4.2529,-0.18615,-0.0081,0.864143
1.8515,31.6543,-4.2377,-0.18515,-0.01,0.884319
1.8395,31.661,-4.2174,-0.18395,-0.012,0.904347
1.8254,31.6678,-4.1924,-0.18254,-0.0141,0.924201
1.8094,31.6747,-4.1624,-0.18094,-0.016,0.943859
1.7914,31.6816,-4.1272,-0.17914,-0.018,0.963298
1.7914,31.6816,-4.1272,-0.17914,0,0.982693
1.7715,31.6888,-4.0422,-0.17715,-0.0199,1.00184
1.7496,31.6959,-4.0422,-0.17496,-0.0219,1.02072
1.7257,31.7031,-3.9924,-0.17257,-0.0239,1.03936
1.6999,31.7104,-3.9377,-0.16999,-0.0258,1.05769
1.6722,31.7178,-3.8779,-0.16722,-0.0277,1.07568
1.6425,31.7253,-3.8134,-0.16425,-0.0297,1.0933
1.5776,31.7404,-3.7442,-0.15776,-0.0649,1.11017
1.5424,31.7479,-3.6699,-0.15424,-0.0352,1.12655
1.5054,31.7555,-3.5077,-0.15054,-0.037,1.14238
1.4666,31.7629,-3.4197,-0.14666,-0.0388,1.1576
1.3399,31.7852,-3.3272,-0.13399,-0.1267,1.17105
1.2943,31.7926,-3.2302,-0.12943,-0.0456,1.1838
1.2471,31.8002,-2.9134,-0.12471,-0.0472,1.19582
1.1983,31.8082,-2.7994,-0.11983,-0.0488,1.20708
1.1481,31.8157,-2.6814,-0.11481,-0.0502,1.21759
1.0964,31.8234,-2.5594,-0.10964,-0.0517,1.22731
1.0432,31.8308,-2.4339,-0.10432,-0.0532,1.23624
0.9888,31.8383,-2.3047,-0.09888,-0.0544,1.24462
0.933,31.8457,-2.1717,-0.0933,-0.0558,1.2519
0.933,31.8457,-2.1717,-0.0933,0,1.25892
0.876,31.8533,-1.8962,-0.0876,-0.057,1.26454
0.8178,31.8607,-1.8962,-0.08178,-0.0582,1.26959
0.7584,31.8682,-1.7537,-0.07584,-0.0594,1.27349
0.7584,31.8682,-1.7537,-0.07584,0,1.27711
0.6365,31.8831,-1.4597,-0.06365,-0.1219,1.27925
0.5105,31.8978,-1.4597,-0.05105,-0.126,1.27985
0.4462,31.9051,-1.1549,-0.04462,-0.0643,1.27981
0.381,31.9124,-0.8399,-0.0381,-0.0652,1.27885
0.3151,31.9196,-0.6792,-0.03151,-0.0659,1.27695
0.3151,31.9196,-0.6792,-0.03151,0,1.27479
0.2486,31.9267,-0.3514,-0.02486,-0.0665,1.2717
0.1814,31.9337,-0.3514,-0.01814,-0.0672,1.26794
0.1138,31.9407,-0.1852,-0.01138,-0.0676,1.26323
0.1138,31.9407,-0.1852,-0.01138,0,1.25827
0.0457,31.9475,0.1518,-0.00457,-0.0681,1.25211
-0.0915,31.9611,0.1518,0.00915,-0.1372,1.24433
-0.2298,31.9745,0.3221,0.02298,-0.1383,1.23516
-0.3688,31.9877,0.6651,0.03688,-0.139,1.22411
-0.4379,31.9939,1.0108,0.04379,-0.0691,1.21238
-0.5061,31.9999,1.3583,0.05061,-0.0682,1.19972
-0.5753,32.0057,1.5311,0.05753,-0.0692,1.18613
-0.6479,32.0115,1.7016,0.06479,-0.0726,1.17159
-0.6875,32.0171,1.8746,0.06875,-0.0396,1.15665
-0.7341,32.0225,2.0561,0.07341,-0.0466,1.14103
-0.7702,32.028,2.1551,0.07702,-0.0361,1.12482
-0.8053,32.0334,2.2716,0.08053,-0.0351,1.10805
-0.8734,32.0443,2.3618,0.08734,-0.0681,1.09039
-0.9063,32.0499,2.4496,0.09063,-0.0329,1.07221
-0.9383,32.0551,2.6198,0.09383,-0.032,1.05351
-0.9695,32.0604,2.7021,0.09695,-0.0312,1.03431
-0.9996,32.0654,2.7821,0.09996,-0.0301,1.01463
-0.9996,32.0654,2.7821,0.09996,0,0.994787
-1.0287,32.0704,2.9353,0.10287,-0.0291,0.974487
-1.0836,32.0807,2.9353,0.10836,-0.0549,0.953638
-1.1094,32.086,3.0081,0.11094,-0.0258,0.932376
-1.1339,32.0911,3.1453,0.11339,-0.0245,0.910696
-1.1571,32.0963,3.2098,0.11571,-0.0232,0.888483
-1.1996,32.107,3.2711,0.11996,-0.0425,0.865419
-1.2187,32.1122,3.3291,0.12187,-0.0191,0.84201
-1.2364,32.1176,3.4353,0.12364,-0.0177,0.818068
-1.2364,32.1176,3.4353,0.12364,0,0.793331
-1.2527,32.1226,3.5273,0.12527,-0.0163,0.768431
-1.2674,32.1277,3.5273,0.12674,-0.0147,0.742965
-1.2805,32.1328,3.5681,0.12805,-0.0131,0.716957
-1.2921,32.138,3.6048,0.12921,-0.0116,0.690432
-1.2921,32.138,3.6048,0.12921,0,0.662778
-1.3103,32.1485,3.6666,0.13103,-0.0182,0.63459
-1.317,32.1538,3.6666,0.1317,-0.0067,0.606335
-1.317,32.1538,3.6666,0.1317,0,0.577741
-1.322,32.1592,3.7288,0.1322,-0.005,0.548773
-1.3253,32.1646,3.7288,0.13253,-0.0033,0.519166
-1.3269,32.1705,3.7413,0.13269,-0.0016,0.489261
-1.3267,32.1763,3.7496,0.13267,0.0002,0.459358
-1.3267,32.1763,3.7496,0.13267,0,0.42894
-1.3248,32.1823,3.7531,0.13248,0.0019,0.398541
-1.3212,32.1882,3.7531,0.13212,0.0036,0.367944
-1.3158,32.1942,3.7483,0.13158,0.0054,0.337184
-1.3086,32.2003,3.7393,0.13086,0.0072,0.306296
-1.2916,32.2063,3.7258,0.12916,0.017,0.275394
-1.2583,32.2122,3.7078,0.12583,0.0333,0.244659
-1.2583,32.2122,3.7078,0.12583,0,0.213646
-1.2105,32.2176,3.5821,0.12105,0.0478,0.182999
-1.1553,32.2235,3.5821,0.11553,0.0552,0.15281
-1.0974,32.2296,3.4626,0.10974,0.0579,0.1232
-1.0974,32.2296,3.4626,0.10974,0,0.093515
-1.0379,32.2362,3.1798,0.10379,0.0595,0.064369
-0.9768,32.2427,3.1798,0.09768,0.0611,0.035797
-0.9141,32.2494,3.0311,0.09141,0.0627,0.007835
-0.8499,32.2564,2.8783,0.08499,0.0642,-0.019485
-0.7842,32.2631,2.7216,0.07842,0.0657,-0.046147
-0.717,32.2699,2.5611,0.0717,0.0672,-0.072115
-0.6485,32.2765,2.3968,0.06485,0.0685,-0.097357
-0.6485,32.2765,2.3968,0.06485,0,-0.122538
-0.5788,32.2831,2.0576,0.05788,0.0697,-0.146941
-0.5077,32.2896,2.0576,0.05077,0.0711,-0.170533
-0.4355,32.2961,1.8833,0.04355,0.0722,-0.193283
-0.4355,32.2961,1.8833,0.04355,0,-0.215892
-0.3621,32.3027,1.5251,0.03621,0.0734,-0.237607
-0.2877,32.3092,1.5251,0.02877,0.0744,-0.258398
-0.2123,32.3157,1.3416,0.02123,0.0754,-0.278435
-0.1359,32.3222,1.1556,0.01359,0.0764,-0.297509
-0.0587,32.3286,0.9671,0.00587,0.0772,-0.315592
0.0194,32.335,0.7761,-0.00194,0.0781,-0.332655
0.0981,32.3413,0.5831,-0.00981,0.0787,-0.348673
0.2575,32.3537,0.3878,-0.02575,0.1594,-0.36282
0.3381,32.3599,0.1911,-0.03381,0.0806,-0.375864
0.3381,32.3599,0.1911,-0.03381,0,-0.388259
0.419,32.3657,-0.4089,-0.0419,0.0809,-0.399493
0.5002,32.3713,-0.4089,-0.05002,0.0812,-0.409545
0.5816,32.377,-0.6112,-0.05816,0.0814,-0.418395
0.6632,32.3824,-0.8142,-0.06632,0.0816,-0.425162
0.6632,32.3824,-0.8142,-0.06632,0,-0.431473
0.7448,32.3877,-1.2217,-0.07448,0.0816,-0.436496
0.8263,32.3926,-1.2217,-0.08263,0.0815,-0.440216
0.9076,32.3977,-1.4257,-0.09076,0.0813,-0.442621
0.9887,32.4014,-1.6294,-0.09887,0.0811,-0.443698
1.0694,32.4057,-1.8327,-0.10694,0.0807,-0.443436
1.1497,32.4093,-2.0354,-0.11497,0.0803,-0.441827
1.2294,32.4129,-2.2372,-0.12294,0.0797,-0.438863
1.3085,32.4165,-2.4379,-0.13085,0.0791,-0.435108
1.3868,32.4195,-2.6372,-0.13868,0.0783,-0.43
1.4644,32.4227,-2.8349,-0.14644,0.0776,-0.423534
1.4644,32.4227,-2.8349,-0.14644,0,-0.416474
1.5409,32.4254,-3.2247,-0.15409,0.0765,-0.408649
1.6164,32.4282,-3.2247,-0.16164,0.0755,-0.39885
1.6908,32.4313,-3.4159,-0.16908,0.0744,-0.387047
1.764,32.4333,-3.6047,-0.1764,0.0732,-0.373869
1.8358,32.4353,-3.7907,-0.18358,0.0718,-0.359321
1.9063,32.4371,-3.9737,-0.19063,0.0705,-0.343409
1.9063,32.4371,-3.9737,-0.19063,0,-0.327497
1.9752,32.4384,-4.3294,-0.19752,0.0689,-0.310231
2.0426,32.44,-4.3294,-0.20426,0.0674,-0.291619
2.0677,32.4429,-4.5017,-0.20677,0.0251,-0.27208
2.1792,32.4446,-4.6702,-0.21792,0.1115,-0.251426
2.1792,32.4446,-4.6702,-0.21792,0,-0.230091
2.4234,32.4441,-5.0117,-0.24234,0.2442,-0.204942
2.5065,32.444,-5.0117,-0.25065,0.0831,-0.177579
2.6054,32.4427,-5.6222,-0.26054,0.0989,-0.147837
2.7064,32.441,-5.8299,-0.27064,0.101,-0.116394
2.9012,32.4382,-6.0772,-0.29012,0.1948,-0.082321
2.9948,32.4371,-6.3297,-0.29948,0.0936,-0.04662
3.0856,32.4349,-6.8167,-0.30856,0.0908,-0.009285
3.1735,32.4327,-7.0507,-0.31735,0.0879,0.029325
3.1735,32.4327,-7.0507,-0.31735,0,0.068401
3.2584,32.4306,-7.4974,-0.32584,0.0849,0.108687
3.34,32.4268,-7.4974,-0.334,0.0816,0.15014
3.4184,32.4238,-7.7097,-0.34184,0.0784,0.193058
3.4935,32.4198,-7.9137,-0.34935,0.0751,0.237056
3.5645,32.4135,-8.1097,-0.35645,0.071,0.282084
3.6311,32.3907,-8.2974,-0.36311,0.0666,0.32809
3.6311,32.3907,-8.2974,-0.36311,0,0.374397
3.6933,32.3853,-8.6414,-0.36933,0.0622,0.421326
3.751,32.3637,-8.6414,-0.3751,0.0577,0.469123
3.8042,32.363,-8.7969,-0.38042,0.0532,0.518001
3.8528,32.3476,-8.9412,-0.38528,0.0486,0.567623
3.8528,32.3476,-8.9412,-0.38528,0,0.61749
3.8969,32.3465,-9.1957,-0.38969,0.0441,0.66803
3.9365,32.3403,-9.1957,-0.39365,0.0396,0.719391
3.9714,32.341,-9.3059,-0.39714,0.0349,0.771292
4.0018,32.3428,-9.4049,-0.40018,0.0304,0.823674
4.0274,32.3444,-9.4922,-0.40274,0.0256,0.876312
4.0479,32.3459,-9.5682,-0.40479,0.0205,0.929318
4.0632,32.3316,-9.6322,-0.40632,0.0153,0.982624
4.0632,32.3316,-9.6322,-0.40632,0,1.03606
4.0728,32.3478,-9.7217,-0.40728,0.0096,1.08971
4.0769,32.3375,-9.7217,-0.40769,0.0041,1.1434
4.0758,32.3443,-9.7457,-0.40758,-0.0011,1.19726
4.0758,32.3443,-9.7457,-0.40758,0,1.25119
4.0695,32.3394,-9.7532,-0.40695,-0.0063,1.30505
4.0582,32.3415,-9.7532,-0.40582,-0.0113,1.35886
4.042,32.3415,-9.7374,-0.4042,-0.0162,1.41253
4.021,32.3445,-9.7092,-0.4021,-0.021,1.46601
3.9947,32.3842,-9.6687,-0.39947,-0.0263,1.51922
3.9716,32.3816,-9.6162,-0.39716,-0.0231,1.5722
3.9509,32.3949,-9.5504,-0.39509,-0.0207,1.62496
3.9226,32.4017,-9.4927,-0.39226,-0.0283,1.6774
3.9008,32.4103,-9.4409,-0.39008,-0.0218,1.72957
3.8792,32.4181,-9.3702,-0.38792,-0.0216,1.78144
3.8575,32.4531,-9.3157,-0.38575,-0.0217,1.83293
3.8575,32.4531,-9.3157,-0.38575,0,1.88409
3.8336,32.4406,-9.2074,-0.38336,-0.0239,1.93501
3.8051,32.4646,-9.2074,-0.38051,-0.0285,1.98517
3.7723,32.4628,-9.1477,-0.37723,-0.0328,2.03444
3.735,32.4784,-9.0764,-0.3735,-0.0373,2.08277
3.735,32.4784,-9.0764,-0.3735,0,2.13109
3.6937,32.4827,-8.9012,-0.36937,-0.0413,2.17841
3.6481,32.4996,-8.9012,-0.36481,-0.0456,2.22466
3.5984,32.5,-8.7979,-0.35984,-0.0497,2.26978
3.5446,32.5086,-8.6839,-0.35446,-0.0538,2.31373
3.4867,32.514,-8.5597,-0.34867,-0.0579,2.35644
3.4248,32.5209,-8.4252,-0.34248,-0.0619,2.39785
3.3589,32.5281,-8.2804,-0.33589,-0.0659,2.43793
3.2892,32.5346,-8.1257,-0.32892,-0.0697,2.4773
3.2155,32.5451,-7.9609,-0.32155,-0.0737,2.51525
3.2155,32.5451,-7.9609,-0.32155,0,2.55248
3.1381,32.552,-7.6024,-0.31381,-0.0774,2.58822
3.057,32.5603,-7.6024,-0.3057,-0.0811,2.62314
2.9721,32.5686,-7.4089,-0.29721,-0.0849,2.65648
2.8835,32.5773,-7.2062,-0.28835,-0.0886,2.68819
2.7914,32.5864,-6.9939,-0.27914,-0.0921,2.71823
2.6957,32.5959,-6.7724,-0.26957,-0.0957,2.74655
2.5966,32.6056,-6.5422,-0.25966,-0.0991,2.7731
2.4942,32.6157,-6.3029,-0.24942,-0.1024,2.79785
2.3885,32.624,-6.0552,-0.23885,-0.1057,2.82075
2.2796,32.6319,-5.7992,-0.22796,-0.1089,2.84097
2.1677,32.64,-5.5349,-0.21677,-0.1119,2.85927
2.1677,32.64,-5.5349,-0.21677,0,2.87757
2.0528,32.6484,-4.9829,-0.20528,-0.1149,2.8939
1.9352,32.6566,-4.9829,-0.19352,-0.1176,2.90825
1.8149,32.6649,-4.6957,-0.18149,-0.1203,2.92059
1.692,32.6735,-4.4017,-0.1692,-0.1229,2.93088
1.5665,32.6827,-4.1009,-0.15665,-0.1255,2.93991
1.5665,32.6827,-4.1009,-0.15665,0,2.94813
1.0427,32.7125,-3.4799,-0.10427,-0.5238,2.95029
0.9064,32.7194,-3.4799,-0.09064,-0.1363,2.95028
0.9064,32.7194,-3.4799,-0.09064,0,2.94945
0.7684,32.7267,-1.8297,-0.07684,-0.138,2.94644
0.6289,32.7334,-1.8297,-0.06289,-0.1395,2.94124
0.488,32.7406,-1.4847,-0.0488,-0.1409,2.93382
0.3457,32.7473,-1.1359,-0.03457,-0.1423,2.92419
0.2022,32.753,-0.7837,-0.02022,-0.1435,2.91235
0.0578,32.7589,-0.4279,-0.00578,-0.1444,2.89828
0.0578,32.7589,-0.4279,-0.00578,0,2.88422
-0.0874,32.7632,0.2918,0.00874,-0.1452,2.86793
-0.2334,32.7674,0.2918,0.02334,-0.146,2.84944
-0.3799,32.7716,0.6548,0.03799,-0.1465,2.82873
-0.5267,32.7751,1.0198,0.05267,-0.1468,2.80582
-0.8211,32.7811,1.3861,0.08211,-0.2944,2.77925
-0.8211,32.7811,1.3861,0.08211,0,2.75198
-0.9682,32.783,2.4891,0.09682,-0.1471,2.72323
-1.1149,32.7826,2.4891,0.11149,-0.1467,2.69233
-1.2613,32.7837,2.8568,0.12613,-0.1464,2.65929
-1.407,32.7834,3.2236,0.1407,-0.1457,2.62455
-1.552,32.7831,3.5896,0.1552,-0.145,2.58723
-1.9832,32.7822,3.9538,0.19832,-0.4312,2.54561
-1.8925,32.7811,4.3163,0.18925,0.0907,2.50245
-1.9751,32.777,5.3943,0.19751,-0.0826,2.45763
-1.9751,32.777,5.3943,0.19751,0,2.41183
-2.065,32.7736,5.3741,0.2065,-0.0899,2.36412
-2.1347,32.7708,5.3741,0.21347,-0.0697,2.31376
-2.2017,32.7688,5.5988,0.22017,-0.067,2.26179
-2.2668,32.7662,5.7731,0.22668,-0.0651,2.20827
-2.3298,32.7637,5.9406,0.23298,-0.063,2.15323
-2.3906,32.7613,6.1033,0.23906,-0.0608,2.09759
-2.4491,32.759,6.2608,0.24491,-0.0585,2.04052
-2.5051,32.7568,6.4128,0.25051,-0.056,1.98207
-2.5586,32.7548,6.5591,0.25586,-0.0535,1.9223
-2.6094,32.7527,6.6991,0.26094,-0.0508,1.86127
-2.6094,32.7527,6.6991,0.26094,0,1.79953
-2.6573,32.7496,6.9598,0.26573,-0.0479,1.73665
-2.7023,32.7469,6.9598,0.27023,-0.045,1.67331
-2.7443,32.7445,7.0796,0.27443,-0.042,1.60894
-2.7832,32.7427,7.1921,0.27832,-0.0389,1.54359
-2.8514,32.7402,7.2971,0.28514,-0.0682,1.47704
-2.8805,32.7393,7.3943,0.28805,-0.0291,1.4097
-2.9062,32.7384,7.5648,0.29062,-0.0257,1.34211
-2.9285,32.7377,7.6376,0.29285,-0.0223,1.27386
-2.9472,32.7373,7.7018,0.29472,-0.0187,1.20502
-2.9622,32.7377,7.7576,0.29622,-0.015,1.13569
-2.9622,32.7377,7.7576,0.29622,0,1.06605
-2.9736,32.7381,7.8418,0.29736,-0.0114,0.996038
-2.9812,32.7381,7.8418,0.29812,-0.0076,0.925747
-2.9851,32.7385,7.8703,0.29851,-0.0039,0.855264
-2.9852,32.7391,7.8893,0.29852,-0.0001,0.78478
-2.9852,32.7391,7.8893,0.29852,0,0.7142
-2.9815,32.7401,7.8993,0.29815,0.0037,0.643616
-2.9739,32.7414,7.8993,0.29739,0.0076,0.573119
-2.9625,32.7431,7.8901,0.29625,0.0114,0.502736
-2.9472,32.7452,7.8711,0.29472,0.0153,0.432569
-2.928,32.7477,7.8426,0.2928,0.0192,0.362707
-2.928,32.7477,7.8426,0.2928,0,0.293007
-2.905,32.7507,7.7563,0.2905,0.023,0.223747
-2.8781,32.7532,7.7563,0.28781,0.0269,0.155019
-2.8474,32.7578,7.6988,0.28474,0.0307,0.086829
-2.8128,32.7626,7.6316,0.28128,0.0346,0.019192
-2.7744,32.7684,7.5548,0.27744,0.0384,-0.047778
-2.7744,32.7684,7.5548,0.27744,0,-0.11453
-2.732,32.7736,7.3723,0.2732,0.0424,-0.180642
-2.681,32.7779,7.3723,0.2681,0.051,-0.246027
-2.6282,32.7826,7.2663,0.26282,0.0528,-0.310884
-2.4373,32.7924,7.1388,0.24373,0.1909,-0.373593
-2.2508,32.8017,7.0068,0.22508,0.1865,-0.434152
-2.1525,32.8088,6.5296,0.21525,0.0983,-0.4934
-2.051,32.818,6.0633,0.2051,0.1015,-0.55126
-1.9463,32.8252,5.8176,0.19463,0.1047,-0.608073
-1.9463,32.8252,5.8176,0.19463,0,-0.664473
-1.8385,32.8333,5.3021,0.18385,0.1078,-0.719339
-1.7278,32.841,5.3021,0.17278,0.1107,-0.772601
-1.6143,32.8489,5.0326,0.16143,0.1135,-0.82419
-1.498,32.8568,4.7558,0.1498,0.1163,-0.874037
-1.379,32.8657,4.4721,0.1379,0.119,-0.922075
-1.2576,32.8728,4.1813,0.12576,0.1214,-0.96824
-1.1337,32.8804,3.8838,0.11337,0.1239,-1.01247
-1.0076,32.8871,3.5803,0.10076,0.1261,-1.0547
-0.8793,32.8942,3.2706,0.08793,0.1283,-1.09565
-0.749,32.9011,2.9553,0.0749,0.1303,-1.13452
-0.6168,32.908,2.6346,0.06168,0.1322,-1.17126
-0.4829,32.9148,2.3088,0.04829,0.1339,-1.20581
-0.3472,32.9216,1.9783,0.03472,0.1357,-1.23811
-0.2101,32.9291,1.6436,0.02101,0.1371,-1.26813
-0.0716,32.9349,1.3043,0.00716,0.1385,-1.2958
0.0682,32.941,0.9616,-0.00682,0.1398,-1.32109
0.0682,32.941,0.9616,-0.00682,0,-1.34535
0.209,32.9458,0.2658,-0.0209,0.1408,-1.36714
0.3506,32.9501,0.2658,-0.03506,0.1416,-1.38643
0.4931,32.9549,-0.0862,-0.04931,0.1425,-1.40318
0.6361,32.9572,-0.4402,-0.06361,0.143,-1.41849
0.6361,32.9572,-0.4402,-0.06361,0,-1.43266
0.9231,32.9607,-1.1539,-0.09231,0.287,-1.44278
0.9231,32.9607,-1.1539,-0.09231,0,-1.4517
1.5825,32.9619,-1.8714,-0.15825,0.6594,-1.45279
1.4277,32.9621,-1.8714,-0.14277,-0.1548,-1.45418
1.4277,32.9621,-1.8714,-0.14277,0,-1.45557
1.425,32.961,-3.1329,-0.1425,-0.0027,-1.45175
1.5641,32.9592,-3.1329,-0.15641,0.1391,-1.44517
1.7463,32.9591,-3.1262,-0.17463,0.1822,-1.43677
1.9328,32.9592,-3.4739,-0.19328,0.1865,-1.42513
2.1227,32.9576,-3.9294,-0.21227,0.1899,-1.41019
2.3148,32.9547,-4.3957,-0.23148,0.1921,-1.39192
2.506,32.946,-4.8704,-0.2506,0.1912,-1.37032
2.506,32.946,-4.8704,-0.2506,0,-1.34728
2.6955,32.9354,-5.8287,-0.26955,0.1895,-1.3209
2.8833,32.9237,-5.8287,-0.28833,0.1878,-1.29265
3.0694,32.9138,-6.3024,-0.30694,0.1861,-1.26108
3.2534,32.9017,-6.7719,-0.32534,0.184,-1.22621
3.2534,32.9017,-6.7719,-0.32534,0,-1.18988
3.6097,32.6411,-7.6972,-0.36097,0.3563,-1.14852
3.6097,32.6411,-7.6972,-0.36097,0,-1.10421
3.7819,32.6747,-8.5879,-0.37819,0.1722,-1.05818
3.9485,32.2517,-8.5879,-0.39485,0.1666,-1.00901
4.1121,32.4961,-9.0184,-0.41121,0.1636,-0.95674
4.1121,32.4961,-9.0184,-0.41121,0,-0.903006
4.2711,32.2032,-9.8439,-0.42711,0.159,-0.846225
4.4273,32.1178,-9.8439,-0.44273,0.1562,-0.786432
4.8877,31.9431,-10.2414,-0.48877,0.4604,-0.717723
5.0405,31.8773,-10.6319,-0.50405,0.1528,-0.648393
5.0405,31.8773,-10.6319,-0.50405,0,-0.578237
5.193,31.8224,-12.1649,-0.5193,0.1525,-0.506556
5.3452,31.7706,-12.1649,-0.53452,0.1522,-0.432454
5.4948,32.0902,-12.5462,-0.54948,0.1496,-0.356159
5.6384,31.574,-12.9267,-0.56384,0.1436,-0.277758
5.7764,31.4574,-13.3007,-0.57764,0.138,-0.197326
5.9097,31.042,-13.6597,-0.59097,0.1333,-0.114931
5.9097,31.042,-13.6597,-0.59097,0,-0.031928
6.2905,30.777,-14.3379,-0.62905,0.3808,0.055468
6.4133,30.6389,-14.3379,-0.64133,0.1228,0.144652
6.5351,30.5464,-15.2899,-0.65351,0.1218,0.235589
6.6567,30.4956,-15.5969,-0.66567,0.1216,0.32825
6.778,30.4535,-15.9014,-0.6778,0.1213,0.422124
6.8988,30.4553,-16.2054,-0.68988,0.1208,0.517685
6.8988,30.4553,-16.2054,-0.68988,0,0.613696
7.0166,30.5327,-16.8107,-0.70166,0.1178,0.711305
7.1303,30.281,-16.8107,-0.71303,0.1137,0.81044
7.2401,30.3539,-17.1052,-0.72401,0.1098,0.911355
7.3468,30.0204,-17.3894,-0.73468,0.1067,1.01363
7.3468,30.0204,-17.3894,-0.73468,0,1.11616
7.5553,29.9951,-17.9307,-0.75553,0.2085,1.221
7.6579,29.9899,-17.9307,-0.76579,0.1026,1.32705
7.8621,30.0017,-18.4519,-0.78621,0.2042,1.43529
7.9636,30.0184,-18.7084,-0.79636,0.1015,1.54455
7.9636,30.0184,-18.7084,-0.79636,0,1.65392
8.2655,30.1108,-19.4727,-0.82655,0.3019,1.76639
8.2655,30.1108,-19.4727,-0.82655,0,1.87889
8.3652,30.1551,-20.2274,-0.83652,0.0997,1.9924
8.4645,30.2061,-20.2274,-0.84645,0.0993,2.10689
8.5632,30.2634,-20.4767,-0.85632,0.0987,2.22234
8.6614,30.327,-20.7249,-0.86614,0.0982,2.33869
8.7591,30.3967,-20.9717,-0.87591,0.0977,2.45591
8.8563,30.4723,-21.2172,-0.88563,0.0972,2.57394
8.3296,29.706,-21.4614,-0.83296,-0.5267,2.68652
8.3296,29.706,-21.4614,-0.83296,0,2.7991
8.4672,29.4934,-20.3877,-0.84672,0.1376,2.91282
8.6031,29.6058,-20.3877,-0.86031,0.1359,3.02763
8.7377,29.7582,-20.7317,-0.87377,0.1346,3.14348
8.8701,29.7059,-21.0714,-0.88701,0.1324,3.26031
8.8701,29.7059,-21.0714,-0.88701,0,3.37676
9.0005,29.7197,-21.7389,-0.90005,0.1304,3.4945
9.1288,29.6621,-21.7389,-0.91288,0.1283,3.61311
9.2559,29.7372,-22.0649,-0.92559,0.1271,3.73248
9.382,29.8054,-22.3857,-0.9382,0.1261,3.85258
9.5064,29.7647,-22.7034,-0.95064,0.1244,3.97202
9.9341,27.3332,-23.0187,-0.99341,0.4277,4.09387
9.9341,27.3332,-23.0187,-0.99341,0,4.21474
10.1314,27.127,-24.3989,-0.962483,0.1973,4.33656
10.1314,27.127,-24.3989,-0.962483,0,4.45734
10.2261,27.2393,-23.6257,-0.971479,0.0947,4.57906
10.3178,26.9849,-23.6257,-0.980191,0.0917,4.70062
10.4597,27.1161,-23.8507,-0.993672,0.1419,4.8225
10.5214,26.9057,-24.0684,-0.999533,0.0617,4.94386
10.5214,26.9057,-24.0684,-0.999533,0,5.06405
10.6066,27.084,-24.552,-1.00763,0.0852,5.18391
10.6789,26.9564,-24.552,-1.0145,0.0723,5.30327
10.7354,26.91,-24.7543,-1.01986,0.0565,5.42196
10.7974,26.867,-24.926,-1.02575,0.062,5.54001
10.863,26.899,-25,-1.03198,0.0656,5.65743
10.9255,26.9249,-25,-1.03792,0.0625,5.77418
10.9255,26.9249,-25,-1.03792,0,5.8896
10.9845,26.9298,-25,-1.04353,0.059,6.00428
11.0404,26.9753,-25,-1.04884,0.0559,6.11815
11.0933,27.0359,-25,-1.05386,0.0529,6.23119
11.0933,27.0359,-25,-1.05386,0,6.34284
11.1888,26.9794,-25,-1.06294,0.0955,6.45404
11.1888,26.9794,-25,-1.06294,0,6.56525
11.2305,26.6424,-25,-1.0669,0.0417,6.67546
11.2694,26.2899,-25,-1.07059,0.0389,6.78465
11.3052,26.3639,-25,-1.07399,0.0358,6.89277
11.338,26.2524,-25,-1.07711,0.0328,6.99979
11.3677,26.6209,-25,-1.07993,0.0297,7.10711
11.3949,26.2069,-25,-1.08252,0.0272,7.21183
11.4184,26.1729,-25,-1.08475,0.0235,7.31678
11.4387,26.1473,-25,-1.08668,0.0203,7.41534
11.4551,26.047,-25,-1.08823,0.0164,7.51561
11.4551,26.047,-25,-1.08823,0,7.61589
11.4677,25.9389,-25,-1.08943,0.0126,7.71632
11.4764,25.8501,-25,-1.09026,0.0087,7.81544
11.4811,25.7839,-25,-1.0907,0.0047,7.91279
11.482,25.6882,-25,-1.09079,0.0009,8.00828
11.482,25.6882,-25,-1.09079,0,8.10187
11.4793,25.6165,-25,-1.09053,-0.0027,8.19352
11.4726,25.4685,-25,-1.0899,-0.0067,8.28318
11.4461,25.2726,-25,-1.08738,-0.0265,8.37258
11.4267,25.2664,-25,-1.08554,-0.0194,8.45989
11.4037,25.1261,-25,-1.08335,-0.023,8.5451
11.379,25.1283,-25,-1.081,-0.0247,8.62819
11.3517,24.9681,-25,-1.07841,-0.0273,8.70918
11.3137,24.8851,-25,-1.0748,-0.038,8.78978
11.2716,24.6119,-25,-1.0708,-0.0421,8.8664
11.2237,24.5282,-25,-1.06625,-0.0479,8.94254
11.1713,24.4718,-25,-1.06127,-0.0524,9.01643
11.1713,24.4718,-25,-1.06127,0,9.08866
11.1134,24.2967,-25,-1.05577,-0.0579,9.15867
10.9811,23.9284,-25,-1.0432,-0.1323,9.22736
10.9069,23.9214,-25,-1.03616,-0.0742,9.29372
10.827,23.7373,-25,-1.02856,-0.0799,9.35772
10.6516,23.4864,-25,-1.0119,-0.1754,9.41536
10.5555,23.315,-25,-1.00277,-0.0961,9.47051
10.455,22.9958,-24.8612,-0.993225,-0.1005,9.52465
10.455,22.9958,-24.8612,-0.993225,0,9.57727
10.3488,23.0408,-24.3943,-0.983136,-0.1062,9.62731
10.2394,22.7083,-24.3943,-0.972743,-0.1094,9.67476
10.1249,22.7012,-24.1421,-0.961866,-0.1145,9.71962
10.0065,22.6144,-23.8822,-0.950618,-0.1184,9.76192
9.8844,22.4719,-23.6103,-0.98844,-0.1221,9.80167
9.6302,22.1308,-23.3291,-0.96302,-0.2542,9.83887
9.6302,22.1308,-23.3291,-0.96302,0,9.87227
9.3626,21.8369,-23.6392,-0.93626,-0.2676,9.90176
9.224,21.8157,-23.6392,-0.9224,-0.1386,9.92865
9.0827,21.6195,-22.9702,-0.90827,-0.1413,9.95291
8.938,21.6171,-22.6237,-0.8938,-0.1447,9.97451
8.7908,21.5015,-22.2704,-0.87908,-0.1472,9.99343
8.4875,21.348,-21.9087,-0.84875,-0.3033,10.0093
8.3321,21.3901,-21.5407,-0.83321,-0.1554,10.0225
8.3321,21.3901,-21.5407,-0.83321,0,10.0345
8.1757,21.1162,-20.3939,-0.81757,-0.1564,10.0438
7.8556,20.9804,-20.3939,-0.78556,-0.3201,10.0489
7.8492,6.7318,-20.0029,-0.78492,-0.0064,10.054
7.8468,5.9234,-19.2027,-0.78468,-0.0024,10.0569
7.8468,5.9234,-19.2027,-0.78468,0,10.0588
7.8479,5.1757,-19.1807,-0.78479,0.0011,10.0586
7.8497,4.6748,-19.1807,-0.78497,0.0018,10.0575
7.8537,4.2264,-19.1834,-0.78537,0.004,10.0564
7.8592,4.0082,-19.1879,-0.78592,0.0055,10.0523
7.8643,3.7016,-19.1979,-0.78643,0.0051,10.0483
7.8687,3.4267,-19.2117,-0.78687,0.0044,10.0433
7.8777,2.715,-19.2244,-0.78777,0.009,10.0375
7.8782,2.3568,-19.2354,-0.78782,0.0005,10.0306
7.8773,2.033,-19.2579,-0.78773,-0.0009,10.0228
7.8754,1.8528,-19.2592,-0.78754,-0.0019,10.0139
7.8724,1.737,-19.2569,-0.78724,-0.003,10.0041
7.8724,1.737,-19.2569,-0.78724,0,9.99954
7.8687,1.6403,-19.2447,-0.78687,-0.0037,9.99493
7.8642,1.5371,-19.2447,-0.78642,-0.0045,9.9889
7.8586,1.3868,-19.2354,-0.78586,-0.0056,9.98145
7.8518,1.2969,-19.2242,-0.78518,-0.0068,9.9726
7.8442,1.1767,-19.2102,-0.78442,-0.0076,9.96234
7.8365,1.0364,-19.1932,-0.78365,-0.0077,9.952
7.8286,0.965,-19.1742,-0.78286,-0.0079,9.94028
7.8209,0.9276,-19.1549,-0.78209,-0.0077,9.9272
7.8209,0.9276,-19.1549,-0.78209,0,9.91285
7.8133,0.9011,-19.1159,-0.78133,-0.0076,9.89717
7.8133,0.9011,-19.1159,-0.78133,0,9.88023
7.8058,0.9021,-19.0969,-0.78058,-0.0075,9.85895
7.8058,0.9021,-19.0969,-0.78058,0,9.83767
7.7987,0.8479,-19.0782,-0.77987,-0.0071,9.81434
7.7852,0.7871,-19.0782,-0.77852,-0.0135,9.79088
7.7786,0.7727,-19.0604,-0.77786,-0.0066,9.7664
7.7723,0.7527,-19.0267,-0.77723,-0.0063,9.74095
7.7604,0.6611,-19.0102,-0.77604,-0.0119,9.71396
7.7551,0.613,-18.9944,-0.77551,-0.0053,9.68629
7.7551,0.613,-18.9944,-0.77551,0,9.65863
7.7499,0.6045,-18.9514,-0.77499,-0.0052,9.63006
7.7449,0.5859,-18.9514,-0.77449,-0.005,9.60072
7.7449,0.5859,-18.9514,-0.77449,0,9.57082
7.7401,0.559,-18.9259,-0.77401,-0.0048,9.54024
7.7353,0.5488,-18.9259,-0.77353,-0.0048,9.50897
7.7309,0.5148,-18.9139,-0.77309,-0.0044,9.47702
7.7269,0.4598,-18.9019,-0.77269,-0.004,9.44504
7.7229,0.469,-18.8909,-0.77229,-0.004,9.41242
7.716,0.3974,-18.8809,-0.7716,-0.0069,9.37918
7.713,0.3485,-18.8709,-0.7713,-0.003,9.34537
7.7098,0.3663,-18.8537,-0.77098,-0.0032,9.31154
7.7043,0.2958,-18.8462,-0.77043,-0.0055,9.27669
7.7023,0.2311,-18.8382,-0.77023,-0.002,9.24183
7.6989,0.1948,-18.8244,-0.76989,-0.0034,9.20651
7.6989,0.1948,-18.8244,-0.76989,0,9.17081
7.6972,0.1959,-18.8109,-0.76972,-0.0017,9.13473
7.6963,0.1112,-18.8109,-0.76963,-0.0009,9.09831
7.6963,0.1112,-18.8109,-0.76963,0,9.0616
7.6954,0.1004,-18.8044,-0.76954,-0.0009,9.0246
7.6948,0.0835,-18.8044,-0.76948,-0.0006,8.98736
7.6939,0.0284,-18.8022,-0.76939,-0.0009,8.94992
7.6939,0.0082,-18.8007,-0.76939,0,8.9123
7.6941,0.0149,-18.7984,-0.76941,0.0002,8.87469
7.6947,0.075,-18.7984,-0.76947,0.0006,8.83696
7.6958,0.1307,-18.7989,-0.76958,0.0011,8.79916
7.697,0.1344,-18.8004,-0.7697,0.0012,8.76132
7.6984,0.1665,-18.8032,-0.76984,0.0014,8.72348
7.7001,0.1936,-18.8062,-0.77001,0.0017,8.68566
7.7018,0.1948,-18.8097,-0.77018,0.0017,8.64789
7.7039,0.2406,-18.8139,-0.77039,0.0021,8.6102
7.7039,0.2406,-18.8139,-0.77039,0,8.57278
7.7061,0.261,-18.8234,-0.77061,0.0022,8.53557
7.7086,0.2873,-18.8234,-0.77086,0.0025,8.49862
7.7113,0.3085,-18.8289,-0.77113,0.0027,8.46194
7.7142,0.3391,-18.8352,-0.77142,0.0029,8.42557
7.7177,0.411,-18.8419,-0.77177,0.0035,8.38961
7.7212,0.4036,-18.8492,-0.77212,0.0035,8.35411
7.7252,0.4552,-18.8579,-0.77252,0.004,8.31912
7.7252,0.4552,-18.8579,-0.77252,0,8.28466
7.7296,0.5148,-18.8767,-0.77296,0.0044,8.25024
7.7296,0.5148,-18.8767,-0.77296,0,8.2164
7.7341,0.5149,-18.8877,-0.77341,0.0045,8.18393
7.7341,0.5149,-18.8877,-0.77341,0,8.15221
7.7389,0.5549,-18.8989,-0.77389,0.0048,8.12133
7.7441,0.6035,-18.8989,-0.77441,0.0052,8.09225
7.7441,0.6035,-18.8989,-0.77441,0,8.06414
7.7496,0.6357,-18.9239,-0.77496,0.0055,8.03708
7.7554,0.6808,-18.9239,-0.77554,0.0058,8.01009
7.7614,0.6971,-18.9377,-0.77614,0.006,7.98421
7.768,0.7599,-18.9522,-0.7768,0.0066,7.9595
7.7745,0.7549,-18.9672,-0.77745,0.0065,7.93599
7.7745,0.7549,-18.9672,-0.77745,0,7.91367
7.7815,0.8067,-18.9999,-0.77815,0.007,7.89265
7.7891,0.8846,-18.9999,-0.77891,0.0076,7.87423
7.7969,0.9018,-19.0174,-0.77969,0.0078,7.8559
7.8051,0.9522,-19.0364,-0.78051,0.0082,7.84033
7.8051,0.9522,-19.0364,-0.78051,0,7.82614
7.8133,0.9568,-19.0764,-0.78133,0.0082,7.81344
7.8133,0.9568,-19.0764,-0.78133,0,7.8022
7.8221,1.0146,-19.0969,-0.78221,0.0088,7.79251
7.8221,1.0146,-19.0969,-0.78221,0,7.78586
7.8313,1.0677,-19.1189,-0.78313,0.0092,7.78085
7.8404,1.0629,-19.1189,-0.78404,0.0091,7.77593
7.8501,1.1232,-19.1419,-0.78501,0.0097,7.77268
7.8501,1.1232,-19.1419,-0.78501,0,7.77262
7.8699,1.1484,-19.1889,-0.78699,0.0198,7.77283
7.8699,1.1484,-19.1889,-0.78699,0,7.77306
7.8804,1.2233,-19.2384,-0.78804,0.0105,7.77339
7.891,1.2262,-19.2384,-0.7891,0.0106,7.77382
7.9021,1.2914,-19.2647,-0.79021,0.0111,7.77435
7.9021,1.2914,-19.2647,-0.79021,0,7.77483
7.9136,1.3297,-19.3189,-0.79136,0.0115,7.77538
7.9254,1.3664,-19.3189,-0.79254,0.0118,7.77599
7.9372,1.3674,-19.3477,-0.79372,0.0118,7.77667
7.9494,1.4184,-19.3772,-0.79494,0.0122,7.77739
7.962,1.4655,-19.4067,-0.7962,0.0126,7.77823
7.975,1.5117,-19.4372,-0.7975,0.013,7.77921
7.975,1.5117,-19.4372,-0.7975,0,7.7802
8.0706,1.6301,-19.5012,-0.80706,0.0956,7.78218
8.1301,1.7667,-19.5012,-0.81301,0.0595,7.78476
8.1301,1.7667,-19.5012,-0.81301,0,7.78737
8.1611,1.8237,-19.8889,-0.81611,0.031,7.79034
8.1929,1.8747,-19.8889,-0.81929,0.0318,7.79369
8.2092,1.9013,-19.9664,-0.82092,0.0163,7.79726
8.2092,1.9013,-19.9664,-0.82092,0,7.80091
8.2256,1.9267,-20.0867,-0.82256,0.0164,7.8048
8.2594,1.9946,-20.0867,-0.82594,0.0338,7.80911
8.2594,1.9946,-20.0867,-0.82594,0,7.81349
8.2766,2.0072,-20.2122,-0.82766,0.0172,7.81805
8.3119,2.0991,-20.2122,-0.83119,0.0353,7.82304
8.3119,2.0991,-20.2122,-0.83119,0,7.82802
8.3298,2.0982,-20.3434,-0.83298,0.0179,7.83326
8.348,2.127,-20.3434,-0.8348,0.0182,7.83869
8.348,2.127,-20.3434,-0.8348,0,7.84418
8.3663,2.154,-20.4337,-0.83663,0.0183,7.84999
8.3851,2.1944,-20.4337,-0.83851,0.0188,7.85605
8.3851,2.1944,-20.4337,-0.83851,0,7.86218
8.404,2.2197,-20.5264,-0.8404,0.0189,7.86862
8.423,2.2381,-20.5264,-0.8423,0.019,7.8753
